151 5 2 4 26 57 33 2 48 153 121 29 73
152 5 2 4 26 153 121 29 73 154 122 30 77
153 5 2 4 26 154 122 30 77 155 123 31 81
154 5 2 4 26 155 123 31 81 156 124 32 85
155 5 2 4 26 156 124 32 85 101 20 4 21
156 5 2 4 26 58 57 48 47 157 153 73 74
157 5 2 4 26 157 153 73 74 158 154 77 78
158 5 2 4 26 158 154 77 78 159 155 81 82
159 5 2 4 26 159 155 81 82 160 156 85 86
160 5 2 4 26 160 156 85 86 102 101 21 22
161 5 2 4 26 59 58 47 46 161 157 74 75
162 5 2 4 26 161 157 74 75 162 158 78 79
163 5 2 4 26 162 158 78 79 163 159 82 83
164 5 2 4 26 163 159 82 83 164 160 86 87
165 5 2 4 26 164 160 86 87 103 102 22 23
166 5 2 4 26 60 59 46 45 165 161 75 76
167 5 2 4 26 165 161 75 76 166 162 79 80
168 5 2 4 26 166 162 79 80 167 163 83 84
169 5 2 4 26 167 163 83 84 168 164 87 88
170 5 2 4 26 168 164 87 88 104 103 23 24
171 5 2 4 26 44 60 45 1 149 165 76 28
172 5 2 4 26 149 165 76 28 150 166 80 27
173 5 2 4 26 150 166 80 27 151 167 84 26
174 5 2 4 26 151 167 84 26 152 168 88 25
175 5 2 4 26 152 168 88 25 9 104 24 3
176 5 2 4 26 61 34 33 57 169 125 121 153
177 5 2 4 26 169 125 121 153 170 126 122 154
178 5 2 4 26 170 126 122 154 171 127 123 155
179 5 2 4 26 171 127 123 155 172 128 124 156
180 5 2 4 26 172 128 124 156 97 19 20 101
181 5 2 4 26 62 61 57 58 173 169 153 157
182 5 2 4 26 173 169 153 157 174 170 154 158
183 5 2 4 26 174 170 154 158 175 171 155 159
184 5 2 4 26 175 171 155 159 176 172 156 160
185 5 2 4 26 176 172 156 160 98 97 101 102
186 5 2 4 26 63 62 58 59 177 173 157 161
187 5 2 4 26 177 173 157 161 178 174 158 162
188 5 2 4 26 178 174 158 162 179 175 159 163
189 5 2 4 26 179 175 159 163 180 176 160 164
190 5 2 4 26 180 176 160 164 99 98 102 103
191 5 2 4 26 64 63 59 60 181 177 161 165
192 5 2 4 26 181 177 161 165 182 178 162 166
193 5 2 4 26 182 178 162 166 183 179 163 167
194 5 2 4 26 183 179 163 167 184 180 164 168
195 5 2 4 26 184 180 164 168 100 99 103 104
196 5 2 4 26 43 64 60 44 145 181 165 149
197 5 2 4 26 145 181 165 149 146 182 166 150
198 5 2 4 26 146 182 166 150 147 183 167 151
199 5 2 4 26 147 183 167 151 148 184 168 152
200 5 2 4 26 148 184 168 152 10 100 104 9
201 5 2 4 26 65 35 34 61 185 129 125 169
202 5 2 4 26 185 129 125 169 186 130 126 170
203 5 2 4 26 186 130 126 170 187 131 127 171
204 5 2 4 26 187 131 127 171 188 132 128 172
205 5 2 4 26 188 132 128 172 93 18 19 97
206 5 2 4 26 66 65 61 62 189 185 169 173
207 5 2 4 26 189 185 169 173 190 186 170 174
208 5 2 4 26 190 186 170 174 191 187 171 175
209 5 2 4 26 191 187 171 175 192 188 172 176
210 5 2 4 26 192 188 172 176 94 93 97 98
211 5 2 4 26 67 66 62 63 193 189 173 177
212 5 2 4 26 193 189 173 177 194 190 174 178
213 5 2 4 26 194 190 174 178 195 191 175 179
214 5 2 4 26 195 191 175 179 196 192 176 180
215 5 2 4 26 196 192 176 180 95 94 98 99
216 5 2 4 26 68 67 63 64 197 193 177 181
217 5 2 4 26 197 193 177 181 198 194 178 182
218 5 2 4 26 198 194 178 182 199 195 179 183
219 5 2 4 26 199 195 179 183 200 196 180 184
220 5 2 4 26 200 196 180 184 96 95 99 100
221 5 2 4 26 42 68 64 43 141 197 181 145
222 5 2 4 26 141 197 181 145 142 198 182 146
223 5 2 4 26 142 198 182 146 143 199 183 147
224 5 2 4 26 143 199 183 147 144 200 184 148
225 5 2 4 26 144 200 184 148 11 96 100 10
226 5 2 4 26 69 36 35 65 201 133 129 185
227 5 2 4 26 201 133 129 185 202 134 130 186
228 5 2 4 26 202 134 130 186 203 135 131 187
229 5 2 4 26 203 135 131 187 204 136 132 188
230 5 2 4 26 204 136 132 188 89 17 18 93
231 5 2 4 26 70 69 65 66 205 201 185 189
232 5 2 4 26 205 201 185 189 206 202 186 190
233 5 2 4 26 206 202 186 190 207 203 187 191
234 5 2 4 26 207 203 187 191 208 204 188 192
235 5 2 4 26 208 204 188 192 90 89 93 94
236 5 2 4 26 71 70 66 67 209 205 189 193
237 5 2 4 26 209 205 189 193 210 206 190 194
238 5 2 4 26 210 206 190 194 211 207 191 195
239 5 2 4 26 211 207 191 195 212 208 192 196
240 5 2 4 26 212 208 192 196 91 90 94 95
241 5 2 4 26 72 71 67 68 213 209 193 197
242 5 2 4 26 213 209 193 197 214 210 194 198
243 5 2 4 26 214 210 194 198 215 211 195 199
244 5 2 4 26 215 211 195 199 216 212 196 200
245 5 2 4 26 216 212 196 200 92 91 95 96
246 5 2 4 26 41 72 68 42 137 213 197 141
247 5 2 4 26 137 213 197 141 138 214 198 142
248 5 2 4 26 138 214 198 142 139 215 199 143
249 5 2 4 26 139 215 199 143 140 216 200 144
250 5 2 4 26 140 216 200 144 12 92 96 11
251 5 2 4 26 37 6 36 69 105 53 133 201
252 5 2 4 26 105 53 133 201 109 54 134 202
253 5 2 4 26 109 54 134 202 113 55 135 203
254 5 2 4 26 113 55 135 203 117 56 136 204
255 5 2 4 26 117 56 136 204 16 5 17 89
256 5 2 4 26 38 37 69 70 106 105 201 205
257 5 2 4 26 106 105 201 205 110 109 202 206
258 5 2 4 26 110 109 202 206 114 113 203 207
259 5 2 4 26 114 113 203 207 118 117 204 208
260 5 2 4 26 118 117 204 208 15 16 89 90
261 5 2 4 26 39 38 70 71 107 106 205 209
262 5 2 4 26 107 106 205 209 111 110 206 210
263 5 2 4 26 111 110 206 210 115 114 207 211
264 5 2 4 26 115 114 207 211 119 118 208 212
265 5 2 4 26 119 118 208 212 14 15 90 91
266 5 2 4 26 40 39 71 72 108 107 209 213
267 5 2 4 26 108 107 209 213 112 111 210 214
268 5 2 4 26 112 111 210 214 116 115 211 215
269 5 2 4 26 116 115 211 215 120 119 212 216
270 5 2 4 26 120 119 212 216 13 14 91 92
271 5 2 4 26 8 40 72 41 49 108 213 137
272 5 2 4 26 49 108 213 137 50 112 214 138
273 5 2 4 26 50 112 214 138 51 116 215 139
274 5 2 4 26 51 116 215 139 52 120 216 140
275 5 2 4 26 52 120 216 140 7 13 92 12