601 5 2 4 26 117 63 2 98 603 441 54 198
602 5 2 4 26 603 441 54 198 604 442 55 207
603 5 2 4 26 604 442 55 207 605 443 56 216
604 5 2 4 26 605 443 56 216 606 444 57 225
605 5 2 4 26 606 444 57 225 607 445 58 234
606 5 2 4 26 607 445 58 234 608 446 59 243
607 5 2 4 26 608 446 59 243 609 447 60 252
608 5 2 4 26 609 447 60 252 610 448 61 261
609 5 2 4 26 610 448 61 261 611 449 62 270
610 5 2 4 26 611 449 62 270 351 35 4 36
611 5 2 4 26 118 117 98 97 612 603 198 199
612 5 2 4 26 612 603 198 199 613 604 207 208
613 5 2 4 26 613 604 207 208 614 605 216 217
614 5 2 4 26 614 605 216 217 615 606 225 226
615 5 2 4 26 615 606 225 226 616 607 234 235
616 5 2 4 26 616 607 234 235 617 608 243 244
617 5 2 4 26 617 608 243 244 618 609 252 253
618 5 2 4 26 618 609 252 253 619 610 261 262
619 5 2 4 26 619 610 261 262 620 611 270 271
620 5 2 4 26 620 611 270 271 352 351 36 37
621 5 2 4 26 119 118 97 96 621 612 199 200
622 5 2 4 26 621 612 199 200 622 613 208 209
623 5 2 4 26 622 613 208 209 623 614 217 218
624 5 2 4 26 623 614 217 218 624 615 226 227
625 5 2 4 26 624 615 226 227 625 616 235 236
626 5 2 4 26 625 616 235 236 626 617 244 245
627 5 2 4 26 626 617 244 245 627 618 253 254
628 5 2 4 26 627 618 253 254 628 619 262 263
629 5 2 4 26 628 619 262 263 629 620 271 272
630 5 2 4 26 629 620 271 272 353 352 37 38
631 5 2 4 26 120 119 96 95 630 621 200 201
632 5 2 4 26 630 621 200 201 631 622 209 210
633 5 2 4 26 631 622 209 210 632 623 218 219
634 5 2 4 26 632 623 218 219 633 624 227 228
635 5 2 4 26 633 624 227 228 634 625 236 237
636 5 2 4 26 634 625 236 237 635 626 245 246
637 5 2 4 26 635 626 245 246 636 627 254 255
638 5 2 4 26 636 627 254 255 637 628 263 264
639 5 2 4 26 637 628 263 264 638 629 272 273
640 5 2 4 26 638 629 272 273 354 353 38 39
641 5 2 4 26 121 120 95 94 639 630 201 202
642 5 2 4 26 639 630 201 202 640 631 210 211
643 5 2 4 26 640 631 210 211 641 632 219 220
644 5 2 4 26 641 632 219 220 642 633 228 229
645 5 2 4 26 642 633 228 229 643 634 237 238
646 5 2 4 26 643 634 237 238 644 635 246 247
647 5 2 4 26 644 635 246 247 645 636 255 256
648 5 2 4 26 645 636 255 256 646 637 264 265
649 5 2 4 26 646 637 264 265 647 638 273 274
650 5 2 4 26 647 638 273 274 355 354 39 40
651 5 2 4 26 122 121 94 93 648 639 202 203
652 5 2 4 26 648 639 202 203 649 640 211 212
653 5 2 4 26 649 640 211 212 650 641 220 221
654 5 2 4 26 650 641 220 221 651 642 229 230
655 5 2 4 26 651 642 229 230 652 643 238 239
656 5 2 4 26 652 643 238 239 653 644 247 248
657 5 2 4 26 653 644 247 248 654 645 256 257
658 5 2 4 26 654 645 256 257 655 646 265 266
659 5 2 4 26 655 646 265 266 656 647 274 275
660 5 2 4 26 656 647 274 275 356 355 40 41
661 5 2 4 26 123 122 93 92 657 648 203 204
662 5 2 4 26 657 648 203 204 658 649 212 213
663 5 2 4 26 658 649 212 213 659 650 221 222
664 5 2 4 26 659 650 221 222 660 651 230 231
665 5 2 4 26 660 651 230 231 661 652 239 240
666 5 2 4 26 661 652 239 240 662 653 248 249
667 5 2 4 26 662 653 248 249 663 654 257 258
668 5 2 4 26 663 654 257 258 664 655 266 267
669 5 2 4 26 664 655 266 267 665 656 275 276
670 5 2 4 26 665 656 275 276 357 356 41 42
671 5 2 4 26 124 123 92 91 666 657 204 205
672 5 2 4 26 666 657 204 205 667 658 213 214
673 5 2 4 26 667 658 213 214 668 659 222 223
674 5 2 4 26 668 659 222 223 669 660 231 232
675 5 2 4 26 669 660 231 232 670 661 240 241
676 5 2 4 26 670 661 240 241 671 662 249 250
677 5 2 4 26 671 662 249 250 672 663 258 259
678 5 2 4 26 672 663 258 259 673 664 267 268
679 5 2 4 26 673 664 267 268 674 665 276 277
680 5 2 4 26 674 665 276 277 358 357 42 43
681 5 2 4 26 125 124 91 90 675 666 205 206
682 5 2 4 26 675 666 205 206 676 667 214 215
683 5 2 4 26 676 667 214 215 677 668 223 224
684 5 2 4 26 677 668 223 224 678 669 232 233
685 5 2 4 26 678 669 232 233 679 670 241 242
686 5 2 4 26 679 670 241 242 680 671 250 251
687 5 2 4 26 680 671 250 251 681 672 259 260
688 5 2 4 26 681 672 259 260 682 673 268 269
689 5 2 4 26 682 673 268 269 683 674 277 278
690 5 2 4 26 683 674 277 278 359 358 43 44
691 5 2 4 26 89 125 90 1 594 675 206 53
692 5 2 4 26 594 675 206 53 595 676 215 52
693 5 2 4 26 595 676 215 52 596 677 224 51
694 5 2 4 26 596 677 224 51 597 678 233 50
695 5 2 4 26 597 678 233 50 598 679 242 49
696 5 2 4 26 598 679 242 49 599 680 251 48
697 5 2 4 26 599 680 251 48 600 681 260 47
698 5 2 4 26 600 681 260 47 601 682 269 46
699 5 2 4 26 601 682 269 46 602 683 278 45
700 5 2 4 26 602 683 278 45 9 359 44 3
701 5 2 4 26 126 64 63 117 684 450 441 603
702 5 2 4 26 684 450 441 603 685 451 442 604
703 5 2 4 26 685 451 442 604 686 452 443 605
704 5 2 4 26 686 452 443 605 687 453 444 606
705 5 2 4 26 687 453 444 606 688 454 445 607
706 5 2 4 26 688 454 445 607 689 455 446 608
707 5 2 4 26 689 455 446 608 690 456 447 609
708 5 2 4 26 690 456 447 609 691 457 448 610
709 5 2 4 26 691 457 448 610 692 458 449 611
710 5 2 4 26 692 458 449 611 342 34 35 351
711 5 2 4 26 127 126 117 118 693 684 603 612
712 5 2 4 26 693 684 603 612 694 685 604 613
713 5 2 4 26 694 685 604 613 695 686 605 614
714 5 2 4 26 695 686 605 614 696 687 606 615
715 5 2 4 26 696 687 606 615 697 688 607 616
716 5 2 4 26 697 688 607 616 698 689 608 617
717 5 2 4 26 698 689 608 617 699 690 609 618
718 5 2 4 26 699 690 609 618 700 691 610 619
719 5 2 4 26 700 691 610 619 701 692 611 620
720 5 2 4 26 701 692 611 620 343 342 351 352
721 5 2 4 26 128 127 118 119 702 693 612 621
722 5 2 4 26 702 693 612 621 703 694 613 622
723 5 2 4 26 703 694 613 622 704 695 614 623
724 5 2 4 26 704 695 614 623 705 696 615 624
725 5 2 4 26 705 696 615 624 706 697 616 625
726 5 2 4 26 706 697 616 625 707 698 617 626
727 5 2 4 26 707 698 617 626 708 699 618 627
728 5 2 4 26 708 699 618 627 709 700 619 628
729 5 2 4 26 709 700 619 628 710 701 620 629
730 5 2 4 26 710 701 620 629 344 343 352 353
731 5 2 4 26 129 128 119 120 711 702 621 630
732 5 2 4 26 711 702 621 630 712 703 622 631
733 5 2 4 26 712 703 622 631 713 704 623 632
734 5 2 4 26 713 704 623 632 714 705 624 633
735 5 2 4 26 714 705 624 633 715 706 625 634
736 5 2 4 26 715 706 625 634 716 707 626 635
737 5 2 4 26 716 707 626 635 717 708 627 636
738 5 2 4 26 717 708 627 636 718 709 628 637
739 5 2 4 26 718 709 628 637 719 710 629 638
740 5 2 4 26 719 710 629 638 345 344 353 354
741 5 2 4 26 130 129 120 121 720 711 630 639
742 5 2 4 26 720 711 630 639 721 712 631 640
743 5 2 4 26 721 712 631 640 722 713 632 641
744 5 2 4 26 722 713 632 641 723 714 633 642
745 5 2 4 26 723 714 633 642 724 715 634 643
746 5 2 4 26 724 715 634 643 725 716 635 644
747 5 2 4 26 725 716 635 644 726 717 636 645
748 5 2 4 26 726 717 636 645 727 718 637 646
749 5 2 4 26 727 718 637 646 728 719 638 647
750 5 2 4 26 728 719 638 647 346 345 354 355
751 5 2 4 26 131 130 121 122 729 720 639 648
752 5 2 4 26 729 720 639 648 730 721 640 649
753 5 2 4 26 730 721 640 649 731 722 641 650
754 5 2 4 26 731 722 641 650 732 723 642 651
755 5 2 4 26 732 723 642 651 733 724 643 652
756 5 2 4 26 733 724 643 652 734 725 644 653
757 5 2 4 26 734 725 644 653 735 726 645 654
758 5 2 4 26 735 726 645 654 736 727 646 655
759 5 2 4 26 736 727 646 655 737 728 647 656
760 5 2 4 26 737 728 647 656 347 346 355 356
761 5 2 4 26 132 131 122 123 738 729 648 657
762 5 2 4 26 738 729 648 657 739 730 649 658
763 5 2 4 26 739 730 649 658 740 731 650 659
764 5 2 4 26 740 731 650 659 741 732 651 660
765 5 2 4 26 741 732 651 660 742 733 652 661
766 5 2 4 26 742 733 652 661 743 734 653 662
767 5 2 4 26 743 734 653 662 744 735 654 663
768 5 2 4 26 744 735 654 663 745 736 655 664
769 5 2 4 26 745 736 655 664 746 737 656 665
770 5 2 4 26 746 737 656 665 348 347 356 357
771 5 2 4 26 133 132 123 124 747 738 657 666
772 5 2 4 26 747 738 657 666 748 739 658 667
773 5 2 4 26 748 739 658 667 749 740 659 668
774 5 2 4 26 749 740 659 668 750 741 660 669
775 5 2 4 26 750 741 660 669 751 742 661 670
776 5 2 4 26 751 742 661 670 752 743 662 671
777 5 2 4 26 752 743 662 671 753 744 663 672
778 5 2 4 26 753 744 663 672 754 745 664 673
779 5 2 4 26 754 745 664 673 755 746 665 674
780 5 2 4 26 755 746 665 674 349 348 357 358
781 5 2 4 26 134 133 124 125 756 747 666 675
782 5 2 4 26 756 747 666 675 757 748 667 676
783 5 2 4 26 757 748 667 676 758 749 668 677
784 5 2 4 26 758 749 668 677 759 750 669 678
785 5 2 4 26 759 750 669 678 760 751 670 679
786 5 2 4 26 760 751 670 679 761 752 671 680
787 5 2 4 26 761 752 671 680 762 753 672 681
788 5 2 4 26 762 753 672 681 763 754 673 682
789 5 2 4 26 763 754 673 682 764 755 674 683
790 5 2 4 26 764 755 674 683 350 349 358 359
791 5 2 4 26 88 134 125 89 585 756 675 594
792 5 2 4 26 585 756 675 594 586 757 676 595
793 5 2 4 26 586 757 676 595 587 758 677 596
794 5 2 4 26 587 758 677 596 588 759 678 597
795 5 2 4 26 588 759 678 597 589 760 679 598
796 5 2 4 26 589 760 679 598 590 761 680 599
797 5 2 4 26 590 761 680 599 591 762 681 600
798 5 2 4 26 591 762 681 600 592 763 682 601
799 5 2 4 26 592 763 682 601 593 764 683 602
800 5 2 4 26 593 764 683 602 10 350 359 9
801 5 2 4 26 135 65 64 126 765 459 450 684
802 5 2 4 26 765 459 450 684 766 460 451 685
803 5 2 4 26 766 460 451 685 767 461 452 686
804 5 2 4 26 767 461 452 686 768 462 453 687
805 5 2 4 26 768 462 453 687 769 463 454 688
806 5 2 4 26 769 463 454 688 770 464 455 689
807 5 2 4 26 770 464 455 689 771 465 456 690
808 5 2 4 26 771 465 456 690 772 466 457 691
809 5 2 4 26 772 466 457 691 773 467 458 692
810 5 2 4 26 773 467 458 692 333 33 34 342
811 5 2 4 26 136 135 126 127 774 765 684 693
812 5 2 4 26 774 765 684 693 775 766 685 694
813 5 2 4 26 775 766 685 694 776 767 686 695
814 5 2 4 26 776 767 686 695 777 768 687 696
815 5 2 4 26 777 768 687 696 778 769 688 697
816 5 2 4 26 778 769 688 697 779 770 689 698
817 5 2 4 26 779 770 689 698 780 771 690 699
818 5 2 4 26 780 771 690 699 781 772 691 700
819 5 2 4 26 781 772 691 700 782 773 692 701
820 5 2 4 26 782 773 692 701 334 333 342 343
821 5 2 4 26 137 136 127 128 783 774 693 702
822 5 2 4 26 783 774 693 702 784 775 694 703
823 5 2 4 26 784 775 694 703 785 776 695 704
824 5 2 4 26 785 776 695 704 786 777 696 705
825 5 2 4 26 786 777 696 705 787 778 697 706
826 5 2 4 26 787 778 697 706 788 779 698 707
827 5 2 4 26 788 779 698 707 789 780 699 708
828 5 2 4 26 789 780 699 708 790 781 700 709
829 5 2 4 26 790 781 700 709 791 782 701 710
830 5 2 4 26 791 782 701 710 335 334 343 344
831 5 2 4 26 138 137 128 129 792 783 702 711
832 5 2 4 26 792 783 702 711 793 784 703 712
833 5 2 4 26 793 784 703 712 794 785 704 713
834 5 2 4 26 794 785 704 713 795 786 705 714
835 5 2 4 26 795 786 705 714 796 787 706 715
836 5 2 4 26 796 787 706 715 797 788 707 716
837 5 2 4 26 797 788 707 716 798 789 708 717
838 5 2 4 26 798 789 708 717 799 790 709 718
839 5 2 4 26 799 790 709 718 800 791 710 719
840 5 2 4 26 800 791 710 719 336 335 344 345
841 5 2 4 26 139 138 129 130 801 792 711 720
842 5 2 4 26 801 792 711 720 802 793 712 721
843 5 2 4 26 802 793 712 721 803 794 713 722
844 5 2 4 26 803 794 713 722 804 795 714 723
845 5 2 4 26 804 795 714 723 805 796 715 724
846 5 2 4 26 805 796 715 724 806 797 716 725
847 5 2 4 26 806 797 716 725 807 798 717 726
848 5 2 4 26 807 798 717 726 808 799 718 727
849 5 2 4 26 808 799 718 727 809 800 719 728
850 5 2 4 26 809 800 719 728 337 336 345 346
851 5 2 4 26 140 139 130 131 810 801 720 729
852 5 2 4 26 810 801 720 729 811 802 721 730
853 5 2 4 26 811 802 721 730 812 803 722 731
854 5 2 4 26 812 803 722 731 813 804 723 732
855 5 2 4 26 813 804 723 732 814 805 724 733
856 5 2 4 26 814 805 724 733 815 806 725 734
857 5 2 4 26 815 806 725 734 816 807 726 735
858 5 2 4 26 816 807 726 735 817 808 727 736
859 5 2 4 26 817 808 727 736 818 809 728 737
860 5 2 4 26 818 809 728 737 338 337 346 347
861 5 2 4 26 141 140 131 132 819 810 729 738
862 5 2 4 26 819 810 729 738 820 811 730 739
863 5 2 4 26 820 811 730 739 821 812 731 740
864 5 2 4 26 821 812 731 740 822 813 732 741
865 5 2 4 26 822 813 732 741 823 814 733 742
866 5 2 4 26 823 814 733 742 824 815 734 743
867 5 2 4 26 824 815 734 743 825 816 735 744
868 5 2 4 26 825 816 735 744 826 817 736 745
869 5 2 4 26 826 817 736 745 827 818 737 746
870 5 2 4 26 827 818 737 746 339 338 347 348
871 5 2 4 26 142 141 132 133 828 819 738 747
872 5 2 4 26 828 819 738 747 829 820 739 748
873 5 2 4 26 829 820 739 748 830 821 740 749
874 5 2 4 26 830 821 740 749 831 822 741 750
875 5 2 4 26 831 822 741 750 832 823 742 751
876 5 2 4 26 832 823 742 751 833 824 743 752
877 5 2 4 26 833 824 743 752 834 825 744 753
878 5 2 4 26 834 825 744 753 835 826 745 754
879 5 2 4 26 835 826 745 754 836 827 746 755
880 5 2 4 26 836 827 746 755 340 339 348 349
881 5 2 4 26 143 142 133 134 837 828 747 756
882 5 2 4 26 837 828 747 756 838 829 748 757
883 5 2 4 26 838 829 748 757 839 830 749 758
884 5 2 4 26 839 830 749 758 840 831 750 759
885 5 2 4 26 840 831 750 759 841 832 751 760
886 5 2 4 26 841 832 751 760 842 833 752 761
887 5 2 4 26 842 833 752 761 843 834 753 762
888 5 2 4 26 843 834 753 762 844 835 754 763
889 5 2 4 26 844 835 754 763 845 836 755 764
890 5 2 4 26 845 836 755 764 341 340 349 350
891 5 2 4 26 87 143 134 88 576 837 756 585
892 5 2 4 26 576 837 756 585 577 838 757 586
893 5 2 4 26 577 838 757 586 578 839 758 587
894 5 2 4 26 578 839 758 587 579 840 759 588
895 5 2 4 26 579 840 759 588 580 841 760 589
896 5 2 4 26 580 841 760 589 581 842 761 590
897 5 2 4 26 581 842 761 590 582 843 762 591
898 5 2 4 26 582 843 762 591 583 844 763 592
899 5 2 4 26 583 844 763 592 584 845 764 593
900 5 2 4 26 584 845 764 593 11 341 350 10
901 5 2 4 26 144 66 65 135 846 468 459 765
902 5 2 4 26 846 468 459 765 847 469 460 766
903 5 2 4 26 847 469 460 766 848 470 461 767
904 5 2 4 26 848 470 461 767 849 471 462 768
905 5 2 4 26 849 471 462 768 850 472 463 769
906 5 2 4 26 850 472 463 769 851 473 464 770
907 5 2 4 26 851 473 464 770 852 474 465 771
908 5 2 4 26 852 474 465 771 853 475 466 772
909 5 2 4 26 853 475 466 772 854 476 467 773
910 5 2 4 26 854 476 467 773 324 32 33 333
911 5 2 4 26 145 144 135 136 855 846 765 774
912 5 2 4 26 855 846 765 774 856 847 766 775
913 5 2 4 26 856 847 766 775 857 848 767 776
914 5 2 4 26 857 848 767 776 858 849 768 777
915 5 2 4 26 858 849 768 777 859 850 769 778
916 5 2 4 26 859 850 769 778 860 851 770 779
917 5 2 4 26 860 851 770 779 861 852 771 780
918 5 2 4 26 861 852 771 780 862 853 772 781
919 5 2 4 26 862 853 772 781 863 854 773 782
920 5 2 4 26 863 854 773 782 325 324 333 334
921 5 2 4 26 146 145 136 137 864 855 774 783
922 5 2 4 26 864 855 774 783 865 856 775 784
923 5 2 4 26 865 856 775 784 866 857 776 785
924 5 2 4 26 866 857 776 785 867 858 777 786
925 5 2 4 26 867 858 777 786 868 859 778 787
926 5 2 4 26 868 859 778 787 869 860 779 788
927 5 2 4 26 869 860 779 788 870 861 780 789
928 5 2 4 26 870 861 780 789 871 862 781 790
929 5 2 4 26 871 862 781 790 872 863 782 791
930 5 2 4 26 872 863 782 791 326 325 334 335
931 5 2 4 26 147 146 137 138 873 864 783 792
932 5 2 4 26 873 864 783 792 874 865 784 793
933 5 2 4 26 874 865 784 793 875 866 785 794
934 5 2 4 26 875 866 785 794 876 867 786 795
935 5 2 4 26 876 867 786 795 877 868 787 796
936 5 2 4 26 877 868 787 796 878 869 788 797
937 5 2 4 26 878 869 788 797 879 870 789 798
938 5 2 4 26 879 870 789 798 880 871 790 799
939 5 2 4 26 880 871 790 799 881 872 791 800
940 5 2 4 26 881 872 791 800 327 326 335 336
941 5 2 4 26 148 147 138 139 882 873 792 801
942 5 2 4 26 882 873 792 801 883 874 793 802
943 5 2 4 26 883 874 793 802 884 875 794 803
944 5 2 4 26 884 875 794 803 885 876 795 804
945 5 2 4 26 885 876 795 804 886 877 796 805
946 5 2 4 26 886 877 796 805 887 878 797 806
947 5 2 4 26 887 878 797 806 888 879 798 807
948 5 2 4 26 888 879 798 807 889 880 799 808
949 5 2 4 26 889 880 799 808 890 881 800 809
950 5 2 4 26 890 881 800 809 328 327 336 337
951 5 2 4 26 149 148 139 140 891 882 801 810
952 5 2 4 26 891 882 801 810 892 883 802 811
953 5 2 4 26 892 883 802 811 893 884 803 812
954 5 2 4 26 893 884 803 812 894 885 804 813
955 5 2 4 26 894 885 804 813 895 886 805 814
956 5 2 4 26 895 886 805 814 896 887 806 815
957 5 2 4 26 896 887 806 815 897 888 807 816
958 5 2 4 26 897 888 807 816 898 889 808 817
959 5 2 4 26 898 889 808 817 899 890 809 818
960 5 2 4 26 899 890 809 818 329 328 337 338
961 5 2 4 26 150 149 140 141 900 891 810 819
962 5 2 4 26 900 891 810 819 901 892 811 820
963 5 2 4 26 901 892 811 820 902 893 812 821
964 5 2 4 26 902 893 812 821 903 894 813 822
965 5 2 4 26 903 894 813 822 904 895 814 823
966 5 2 4 26 904 895 814 823 905 896 815 824
967 5 2 4 26 905 896 815 824 906 897 816 825
968 5 2 4 26 906 897 816 825 907 898 817 826
969 5 2 4 26 907 898 817 826 908 899 818 827
970 5 2 4 26 908 899 818 827 330 329 338 339
971 5 2 4 26 151 150 141 142 909 900 819 828
972 5 2 4 26 909 900 819 828 910 901 820 829
973 5 2 4 26 910 901 820 829 911 902 821 830
974 5 2 4 26 911 902 821 830 912 903 822 831
975 5 2 4 26 912 903 822 831 913 904 823 832
976 5 2 4 26 913 904 823 832 914 905 824 833
977 5 2 4 26 914 905 824 833 915 906 825 834
978 5 2 4 26 915 906 825 834 916 907 826 835
979 5 2 4 26 916 907 826 835 917 908 827 836
980 5 2 4 26 917 908 827 836 331 330 339 340
981 5 2 4 26 152 151 142 143 918 909 828 837
982 5 2 4 26 918 909 828 837 919 910 829 838
983 5 2 4 26 919 910 829 838 920 911 830 839
984 5 2 4 26 920 911 830 839 921 912 831 840
985 5 2 4 26 921 912 831 840 922 913 832 841
986 5 2 4 26 922 913 832 841 923 914 833 842
987 5 2 4 26 923 914 833 842 924 915 834 843
988 5 2 4 26 924 915 834 843 925 916 835 844
989 5 2 4 26 925 916 835 844 926 917 836 845
990 5 2 4 26 926 917 836 845 332 331 340 341
991 5 2 4 26 86 152 143 87 567 918 837 576
992 5 2 4 26 567 918 837 576 568 919 838 577
993 5 2 4 26 568 919 838 577 569 920 839 578
994 5 2 4 26 569 920 839 578 570 921 840 579
995 5 2 4 26 570 921 840 579 571 922 841 580
996 5 2 4 26 571 922 841 580 572 923 842 581
997 5 2 4 26 572 923 842 581 573 924 843 582
998 5 2 4 26 573 924 843 582 574 925 844 583
999 5 2 4 26 574 925 844 583 575 926 845 584
1000 5 2 4 26 575 926 845 584 12 332 341 11
1001 5 2 4 26 153 67 66 144 927 477 468 846
1002 5 2 4 26 927 477 468 846 928 478 469 847
1003 5 2 4 26 928 478 469 847 929 479 470 848
1004 5 2 4 26 929 479 470 848 930 480 471 849
1005 5 2 4 26 930 480 471 849 931 481 472 850
1006 5 2 4 26 931 481 472 850 932 482 473 851
1007 5 2 4 26 932 482 473 851 933 483 474 852
1008 5 2 4 26 933 483 474 852 934 484 475 853
1009 5 2 4 26 934 484 475 853 935 485 476 854
1010 5 2 4 26 935 485 476 854 315 31 32 324
1011 5 2 4 26 154 153 144 145 936 927 846 855
1012 5 2 4 26 936 927 846 855 937 928 847 856
1013 5 2 4 26 937 928 847 856 938 929 848 857
1014 5 2 4 26 938 929 848 857 939 930 849 858
1015 5 2 4 26 939 930 849 858 940 931 850 859
1016 5 2 4 26 940 931 850 859 941 932 851 860
1017 5 2 4 26 941 932 851 860 942 933 852 861
1018 5 2 4 26 942 933 852 861 943 934 853 862
1019 5 2 4 26 943 934 853 862 944 935 854 863
1020 5 2 4 26 944 935 854 863 316 315 324 325
1021 5 2 4 26 155 154 145 146 945 936 855 864
1022 5 2 4 26 945 936 855 864 946 937 856 865
1023 5 2 4 26 946 937 856 865 947 938 857 866
1024 5 2 4 26 947 938 857 866 948 939 858 867
1025 5 2 4 26 948 939 858 867 949 940 859 868
1026 5 2 4 26 949 940 859 868 950 941 860 869
1027 5 2 4 26 950 941 860 869 951 942 861 870
1028 5 2 4 26 951 942 861 870 952 943 862 871
1029 5 2 4 26 952 943 862 871 953 944 863 872
1030 5 2 4 26 953 944 863 872 317 316 325 326
1031 5 2 4 26 156 155 146 147 954 945 864 873
1032 5 2 4 26 954 945 864 873 955 946 865 874
1033 5 2 4 26 955 946 865 874 956 947 866 875
1034 5 2 4 26 956 947 866 875 957 948 867 876
1035 5 2 4 26 957 948 867 876 958 949 868 877
1036 5 2 4 26 958 949 868 877 959 950 869 878
1037 5 2 4 26 959 950 869 878 960 951 870 879
1038 5 2 4 26 960 951 870 879 961 952 871 880
1039 5 2 4 26 961 952 871 880 962 953 872 881
1040 5 2 4 26 962 953 872 881 318 317 326 327
1041 5 2 4 26 157 156 147 148 963 954 873 882
1042 5 2 4 26 963 954 873 882 964 955 874 883
1043 5 2 4 26 964 955 874 883 965 956 875 884
1044 5 2 4 26 965 956 875 884 966 957 876 885
1045 5 2 4 26 966 957 876 885 967 958 877 886
1046 5 2 4 26 967 958 877 886 968 959 878 887
1047 5 2 4 26 968 959 878 887 969 960 879 888
1048 5 2 4 26 969 960 879 888 970 961 880 889
1049 5 2 4 26 970 961 880 889 971 962 881 890
1050 5 2 4 26 971 962 881 890 319 318 327 328
1051 5 2 4 26 158 157 148 149 972 963 882 891
1052 5 2 4 26 972 963 882 891 973 964 883 892
1053 5 2 4 26 973 964 883 892 974 965 884 893
1054 5 2 4 26 974 965 884 893 975 966 885 894
1055 5 2 4 26 975 966 885 894 976 967 886 895
1056 5 2 4 26 976 967 886 895 977 968 887 896
1057 5 2 4 26 977 968 887 896 978 969 888 897
1058 5 2 4 26 978 969 888 897 979 970 889 898
1059 5 2 4 26 979 970 889 898 980 971 890 899
1060 5 2 4 26 980 971 890 899 320 319 328 329
1061 5 2 4 26 159 158 149 150 981 972 891 900
1062 5 2 4 26 981 972 891 900 982 973 892 901
1063 5 2 4 26 982 973 892 901 983 974 893 902
1064 5 2 4 26 983 974 893 902 984 975 894 903
1065 5 2 4 26 984 975 894 903 985 976 895 904
1066 5 2 4 26 985 976 895 904 986 977 896 905
1067 5 2 4 26 986 977 896 905 987 978 897 906
1068 5 2 4 26 987 978 897 906 988 979 898 907
1069 5 2 4 26 988 979 898 907 989 980 899 908
1070 5 2 4 26 989 980 899 908 321 320 329 330
1071 5 2 4 26 160 159 150 151 990 981 900 909
1072 5 2 4 26 990 981 900 909 991 982 901 910
1073 5 2 4 26 991 982 901 910 992 983 902 911
1074 5 2 4 26 992 983 902 911 993 984 903 912
1075 5 2 4 26 993 984 903 912 994 985 904 913
1076 5 2 4 26 994 985 904 913 995 986 905 914
1077 5 2 4 26 995 986 905 914 996 987 906 915
1078 5 2 4 26 996 987 906 915 997 988 907 916
1079 5 2 4 26 997 988 907 916 998 989 908 917
1080 5 2 4 26 998 989 908 917 322 321 330 331
1081 5 2 4 26 161 160 151 152 999 990 909 918
1082 5 2 4 26 999 990 909 918 1000 991 910 919
1083 5 2 4 26 1000 991 910 919 1001 992 911 920
1084 5 2 4 26 1001 992 911 920 1002 993 912 921
1085 5 2 4 26 1002 993 912 921 1003 994 913 922
1086 5 2 4 26 1003 994 913 922 1004 995 914 923
1087 5 2 4 26 1004 995 914 923 1005 996 915 924
1088 5 2 4 26 1005 996 915 924 1006 997 916 925
1089 5 2 4 26 1006 997 916 925 1007 998 917 926
1090 5 2 4 26 1007 998 917 926 323 322 331 332
1091 5 2 4 26 85 161 152 86 558 999 918 567
1092 5 2 4 26 558 999 918 567 559 1000 919 568
1093 5 2 4 26 559 1000 919 568 560 1001 920 569
1094 5 2 4 26 560 1001 920 569 561 1002 921 570
1095 5 2 4 26 561 1002 921 570 562 1003 922 571
1096 5 2 4 26 562 1003 922 571 563 1004 923 572
1097 5 2 4 26 563 1004 923 572 564 1005 924 573
1098 5 2 4 26 564 1005 924 573 565 1006 925 574
1099 5 2 4 26 565 1006 925 574 566 1007 926 575
1100 5 2 4 26 566 1007 926 575 13 323 332 12
1101 5 2 4 26 162 68 67 153 1008 486 477 927
1102 5 2 4 26 1008 486 477 927 1009 487 478 928
1103 5 2 4 26 1009 487 478 928 1010 488 479 929
1104 5 2 4 26 1010 488 479 929 1011 489 480 930
1105 5 2 4 26 1011 489 480 930 1012 490 481 931
1106 5 2 4 26 1012 490 481 931 1013 491 482 932
1107 5 2 4 26 1013 491 482 932 1014 492 483 933
1108 5 2 4 26 1014 492 483 933 1015 493 484 934
1109 5 2 4 26 1015 493 484 934 1016 494 485 935
1110 5 2 4 26 1016 494 485 935 306 30 31 315
1111 5 2 4 26 163 162 153 154 1017 1008 927 936
1112 5 2 4 26 1017 1008 927 936 1018 1009 928 937
1113 5 2 4 26 1018 1009 928 937 1019 1010 929 938
1114 5 2 4 26 1019 1010 929 938 1020 1011 930 939
1115 5 2 4 26 1020 1011 930 939 1021 1012 931 940
1116 5 2 4 26 1021 1012 931 940 1022 1013 932 941
1117 5 2 4 26 1022 1013 932 941 1023 1014 933 942
1118 5 2 4 26 1023 1014 933 942 1024 1015 934 943
1119 5 2 4 26 1024 1015 934 943 1025 1016 935 944
1120 5 2 4 26 1025 1016 935 944 307 306 315 316
1121 5 2 4 26 164 163 154 155 1026 1017 936 945
1122 5 2 4 26 1026 1017 936 945 1027 1018 937 946
1123 5 2 4 26 1027 1018 937 946 1028 1019 938 947
1124 5 2 4 26 1028 1019 938 947 1029 1020 939 948
1125 5 2 4 26 1029 1020 939 948 1030 1021 940 949
1126 5 2 4 26 1030 1021 940 949 1031 1022 941 950
1127 5 2 4 26 1031 1022 941 950 1032 1023 942 951
1128 5 2 4 26 1032 1023 942 951 1033 1024 943 952
1129 5 2 4 26 1033 1024 943 952 1034 1025 944 953
1130 5 2 4 26 1034 1025 944 953 308 307 316 317
1131 5 2 4 26 165 164 155 156 1035 1026 945 954
1132 5 2 4 26 1035 1026 945 954 1036 1027 946 955
1133 5 2 4 26 1036 1027 946 955 1037 1028 947 956
1134 5 2 4 26 1037 1028 947 956 1038 1029 948 957
1135 5 2 4 26 1038 1029 948 957 1039 1030 949 958
1136 5 2 4 26 1039 1030 949 958 1040 1031 950 959
1137 5 2 4 26 1040 1031 950 959 1041 1032 951 960
1138 5 2 4 26 1041 1032 951 960 1042 1033 952 961
1139 5 2 4 26 1042 1033 952 961 1043 1034 953 962
1140 5 2 4 26 1043 1034 953 962 309 308 317 318
1141 5 2 4 26 166 165 156 157 1044 1035 954 963
1142 5 2 4 26 1044 1035 954 963 1045 1036 955 964
1143 5 2 4 26 1045 1036 955 964 1046 1037 956 965
1144 5 2 4 26 1046 1037 956 965 1047 1038 957 966
1145 5 2 4 26 1047 1038 957 966 1048 1039 958 967
1146 5 2 4 26 1048 1039 958 967 1049 1040 959 968
1147 5 2 4 26 1049 1040 959 968 1050 1041 960 969
1148 5 2 4 26 1050 1041 960 969 1051 1042 961 970
1149 5 2 4 26 1051 1042 961 970 1052 1043 962 971
1150 5 2 4 26 1052 1043 962 971 310 309 318 319
1151 5 2 4 26 167 166 157 158 1053 1044 963 972
1152 5 2 4 26 1053 1044 963 972 1054 1045 964 973
1153 5 2 4 26 1054 1045 964 973 1055 1046 965 974
1154 5 2 4 26 1055 1046 965 974 1056 1047 966 975
1155 5 2 4 26 1056 1047 966 975 1057 1048 967 976
1156 5 2 4 26 1057 1048 967 976 1058 1049 968 977
1157 5 2 4 26 1058 1049 968 977 1059 1050 969 978
1158 5 2 4 26 1059 1050 969 978 1060 1051 970 979
1159 5 2 4 26 1060 1051 970 979 1061 1052 971 980
1160 5 2 4 26 1061 1052 971 980 311 310 319 320
1161 5 2 4 26 168 167 158 159 1062 1053 972 981
1162 5 2 4 26 1062 1053 972 981 1063 1054 973 982
1163 5 2 4 26 1063 1054 973 982 1064 1055 974 983
1164 5 2 4 26 1064 1055 974 983 1065 1056 975 984
1165 5 2 4 26 1065 1056 975 984 1066 1057 976 985
1166 5 2 4 26 1066 1057 976 985 1067 1058 977 986
1167 5 2 4 26 1067 1058 977 986 1068 1059 978 987
1168 5 2 4 26 1068 1059 978 987 1069 1060 979 988
1169 5 2 4 26 1069 1060 979 988 1070 1061 980 989
1170 5 2 4 26 1070 1061 980 989 312 311 320 321
1171 5 2 4 26 169 168 159 160 1071 1062 981 990
1172 5 2 4 26 1071 1062 981 990 1072 1063 982 991
1173 5 2 4 26 1072 1063 982 991 1073 1064 983 992
1174 5 2 4 26 1073 1064 983 992 1074 1065 984 993
1175 5 2 4 26 1074 1065 984 993 1075 1066 985 994
1176 5 2 4 26 1075 1066 985 994 1076 1067 986 995
1177 5 2 4 26 1076 1067 986 995 1077 1068 987 996
1178 5 2 4 26 1077 1068 987 996 1078 1069 988 997
1179 5 2 4 26 1078 1069 988 997 1079 1070 989 998
1180 5 2 4 26 1079 1070 989 998 313 312 321 322
1181 5 2 4 26 170 169 160 161 1080 1071 990 999
1182 5 2 4 26 1080 1071 990 999 1081 1072 991 1000
1183 5 2 4 26 1081 1072 991 1000 1082 1073 992 1001
1184 5 2 4 26 1082 1073 992 1001 1083 1074 993 1002
1185 5 2 4 26 1083 1074 993 1002 1084 1075 994 1003
1186 5 2 4 26 1084 1075 994 1003 1085 1076 995 1004
1187 5 2 4 26 1085 1076 995 1004 1086 1077 996 1005
1188 5 2 4 26 1086 1077 996 1005 1087 1078 997 1006
1189 5 2 4 26 1087 1078 997 1006 1088 1079 998 1007
1190 5 2 4 26 1088 1079 998 1007 314 313 322 323
1191 5 2 4 26 84 170 161 85 549 1080 999 558
1192 5 2 4 26 549 1080 999 558 550 1081 1000 559
1193 5 2 4 26 550 1081 1000 559 551 1082 1001 560
1194 5 2 4 26 551 1082 1001 560 552 1083 1002 561
1195 5 2 4 26 552 1083 1002 561 553 1084 1003 562
1196 5 2 4 26 553 1084 1003 562 554 1085 1004 563
1197 5 2 4 26 554 1085 1004 563 555 1086 1005 564
1198 5 2 4 26 555 1086 1005 564 556 1087 1006 565
1199 5 2 4 26 556 1087 1006 565 557 1088 1007 566
1200 5 2 4 26 557 1088 1007 566 14 314 323 13
1201 5 2 4 26 171 69 68 162 1089 495 486 1008
1202 5 2 4 26 1089 495 486 1008 1090 496 487 1009
1203 5 2 4 26 1090 496 487 1009 1091 497 488 1010
1204 5 2 4 26 1091 497 488 1010 1092 498 489 1011
1205 5 2 4 26 1092 498 489 1011 1093 499 490 1012
1206 5 2 4 26 1093 499 490 1012 1094 500 491 1013
1207 5 2 4 26 1094 500 491 1013 1095 501 492 1014
1208 5 2 4 26 1095 501 492 1014 1096 502 493 1015
1209 5 2 4 26 1096 502 493 1015 1097 503 494 1016
1210 5 2 4 26 1097 503 494 1016 297 29 30 306
1211 5 2 4 26 172 171 162 163 1098 1089 1008 1017
1212 5 2 4 26 1098 1089 1008 1017 1099 1090 1009 1018
1213 5 2 4 26 1099 1090 1009 1018 1100 1091 1010 1019
1214 5 2 4 26 1100 1091 1010 1019 1101 1092 1011 1020
1215 5 2 4 26 1101 1092 1011 1020 1102 1093 1012 1021
1216 5 2 4 26 1102 1093 1012 1021 1103 1094 1013 1022
1217 5 2 4 26 1103 1094 1013 1022 1104 1095 1014 1023
1218 5 2 4 26 1104 1095 1014 1023 1105 1096 1015 1024
1219 5 2 4 26 1105 1096 1015 1024 1106 1097 1016 1025
1220 5 2 4 26 1106 1097 1016 1025 298 297 306 307
1221 5 2 4 26 173 172 163 164 1107 1098 1017 1026
1222 5 2 4 26 1107 1098 1017 1026 1108 1099 1018 1027
1223 5 2 4 26 1108 1099 1018 1027 1109 1100 1019 1028
1224 5 2 4 26 1109 1100 1019 1028 1110 1101 1020 1029
1225 5 2 4 26 1110 1101 1020 1029 1111 1102 1021 1030
1226 5 2 4 26 1111 1102 1021 1030 1112 1103 1022 1031
1227 5 2 4 26 1112 1103 1022 1031 1113 1104 1023 1032
1228 5 2 4 26 1113 1104 1023 1032 1114 1105 1024 1033
1229 5 2 4 26 1114 1105 1024 1033 1115 1106 1025 1034
1230 5 2 4 26 1115 1106 1025 1034 299 298 307 308
1231 5 2 4 26 174 173 164 165 1116 1107 1026 1035
1232 5 2 4 26 1116 1107 1026 1035 1117 1108 1027 1036
1233 5 2 4 26 1117 1108 1027 1036 1118 1109 1028 1037
1234 5 2 4 26 1118 1109 1028 1037 1119 1110 1029 1038
1235 5 2 4 26 1119 1110 1029 1038 1120 1111 1030 1039
1236 5 2 4 26 1120 1111 1030 1039 1121 1112 1031 1040
1237 5 2 4 26 1121 1112 1031 1040 1122 1113 1032 1041
1238 5 2 4 26 1122 1113 1032 1041 1123 1114 1033 1042
1239 5 2 4 26 1123 1114 1033 1042 1124 1115 1034 1043
1240 5 2 4 26 1124 1115 1034 1043 300 299 308 309
1241 5 2 4 26 175 174 165 166 1125 1116 1035 1044
1242 5 2 4 26 1125 1116 1035 1044 1126 1117 1036 1045
1243 5 2 4 26 1126 1117 1036 1045 1127 1118 1037 1046
1244 5 2 4 26 1127 1118 1037 1046 1128 1119 1038 1047
1245 5 2 4 26 1128 1119 1038 1047 1129 1120 1039 1048
1246 5 2 4 26 1129 1120 1039 1048 1130 1121 1040 1049
1247 5 2 4 26 1130 1121 1040 1049 1131 1122 1041 1050
1248 5 2 4 26 1131 1122 1041 1050 1132 1123 1042 1051
1249 5 2 4 26 1132 1123 1042 1051 1133 1124 1043 1052
1250 5 2 4 26 1133 1124 1043 1052 301 300 309 310
1251 5 2 4 26 176 175 166 167 1134 1125 1044 1053
1252 5 2 4 26 1134 1125 1044 1053 1135 1126 1045 1054
1253 5 2 4 26 1135 1126 1045 1054 1136 1127 1046 1055
1254 5 2 4 26 1136 1127 1046 1055 1137 1128 1047 1056
1255 5 2 4 26 1137 1128 1047 1056 1138 1129 1048 1057
1256 5 2 4 26 1138 1129 1048 1057 1139 1130 1049 1058
1257 5 2 4 26 1139 1130 1049 1058 1140 1131 1050 1059
1258 5 2 4 26 1140 1131 1050 1059 1141 1132 1051 1060
1259 5 2 4 26 1141 1132 1051 1060 1142 1133 1052 1061
1260 5 2 4 26 1142 1133 1052 1061 302 301 310 311
1261 5 2 4 26 177 176 167 168 1143 1134 1053 1062
1262 5 2 4 26 1143 1134 1053 1062 1144 1135 1054 1063
1263 5 2 4 26 1144 1135 1054 1063 1145 1136 1055 1064
1264 5 2 4 26 1145 1136 1055 1064 1146 1137 1056 1065
1265 5 2 4 26 1146 1137 1056 1065 1147 1138 1057 1066
1266 5 2 4 26 1147 1138 1057 1066 1148 1139 1058 1067
1267 5 2 4 26 1148 1139 1058 1067 1149 1140 1059 1068
1268 5 2 4 26 1149 1140 1059 1068 1150 1141 1060 1069
1269 5 2 4 26 1150 1141 1060 1069 1151 1142 1061 1070
1270 5 2 4 26 1151 1142 1061 1070 303 302 311 312
1271 5 2 4 26 178 177 168 169 1152 1143 1062 1071
1272 5 2 4 26 1152 1143 1062 1071 1153 1144 1063 1072
1273 5 2 4 26 1153 1144 1063 1072 1154 1145 1064 1073
1274 5 2 4 26 1154 1145 1064 1073 1155 1146 1065 1074
1275 5 2 4 26 1155 1146 1065 1074 1156 1147 1066 1075
1276 5 2 4 26 1156 1147 1066 1075 1157 1148 1067 1076
1277 5 2 4 26 1157 1148 1067 1076 1158 1149 1068 1077
1278 5 2 4 26 1158 1149 1068 1077 1159 1150 1069 1078
1279 5 2 4 26 1159 1150 1069 1078 1160 1151 1070 1079
1280 5 2 4 26 1160 1151 1070 1079 304 303 312 313
1281 5 2 4 26 179 178 169 170 1161 1152 1071 1080
1282 5 2 4 26 1161 1152 1071 1080 1162 1153 1072 1081
1283 5 2 4 26 1162 1153 1072 1081 1163 1154 1073 1082
1284 5 2 4 26 1163 1154 1073 1082 1164 1155 1074 1083
1285 5 2 4 26 1164 1155 1074 1083 1165 1156 1075 1084
1286 5 2 4 26 1165 1156 1075 1084 1166 1157 1076 1085
1287 5 2 4 26 1166 1157 1076 1085 1167 1158 1077 1086
1288 5 2 4 26 1167 1158 1077 1086 1168 1159 1078 1087
1289 5 2 4 26 1168 1159 1078 1087 1169 1160 1079 1088
1290 5 2 4 26 1169 1160 1079 1088 305 304 313 314
1291 5 2 4 26 83 179 170 84 540 1161 1080 549
1292 5 2 4 26 540 1161 1080 549 541 1162 1081 550
1293 5 2 4 26 541 1162 1081 550 542 1163 1082 551
1294 5 2 4 26 542 1163 1082 551 543 1164 1083 552
1295 5 2 4 26 543 1164 1083 552 544 1165 1084 553
1296 5 2 4 26 544 1165 1084 553 545 1166 1085 554
1297 5 2 4 26 545 1166 1085 554 546 1167 1086 555
1298 5 2 4 26 546 1167 1086 555 547 1168 1087 556
1299 5 2 4 26 547 1168 1087 556 548 1169 1088 557
1300 5 2 4 26 548 1169 1088 557 15 305 314 14
1301 5 2 4 26 180 70 69 171 1170 504 495 1089
1302 5 2 4 26 1170 504 495 1089 1171 505 496 1090
1303 5 2 4 26 1171 505 496 1090 1172 506 497 1091
1304 5 2 4 26 1172 506 497 1091 1173 507 498 1092
1305 5 2 4 26 1173 507 498 1092 1174 508 499 1093
1306 5 2 4 26 1174 508 499 1093 1175 509 500 1094
1307 5 2 4 26 1175 509 500 1094 1176 510 501 1095
1308 5 2 4 26 1176 510 501 1095 1177 511 502 1096
1309 5 2 4 26 1177 511 502 1096 1178 512 503 1097
1310 5 2 4 26 1178 512 503 1097 288 28 29 297
1311 5 2 4 26 181 180 171 172 1179 1170 1089 1098
1312 5 2 4 26 1179 1170 1089 1098 1180 1171 1090 1099
1313 5 2 4 26 1180 1171 1090 1099 1181 1172 1091 1100
1314 5 2 4 26 1181 1172 1091 1100 1182 1173 1092 1101
1315 5 2 4 26 1182 1173 1092 1101 1183 1174 1093 1102
1316 5 2 4 26 1183 1174 1093 1102 1184 1175 1094 1103
1317 5 2 4 26 1184 1175 1094 1103 1185 1176 1095 1104
1318 5 2 4 26 1185 1176 1095 1104 1186 1177 1096 1105
1319 5 2 4 26 1186 1177 1096 1105 1187 1178 1097 1106
1320 5 2 4 26 1187 1178 1097 1106 289 288 297 298
1321 5 2 4 26 182 181 172 173 1188 1179 1098 1107
1322 5 2 4 26 1188 1179 1098 1107 1189 1180 1099 1108
1323 5 2 4 26 1189 1180 1099 1108 1190 1181 1100 1109
1324 5 2 4 26 1190 1181 1100 1109 1191 1182 1101 1110
1325 5 2 4 26 1191 1182 1101 1110 1192 1183 1102 1111
1326 5 2 4 26 1192 1183 1102 1111 1193 1184 1103 1112
1327 5 2 4 26 1193 1184 1103 1112 1194 1185 1104 1113
1328 5 2 4 26 1194 1185 1104 1113 1195 1186 1105 1114
1329 5 2 4 26 1195 1186 1105 1114 1196 1187 1106 1115
1330 5 2 4 26 1196 1187 1106 1115 290 289 298 299
1331 5 2 4 26 183 182 173 174 1197 1188 1107 1116
1332 5 2 4 26 1197 1188 1107 1116 1198 1189 1108 1117
1333 5 2 4 26 1198 1189 1108 1117 1199 1190 1109 1118
1334 5 2 4 26 1199 1190 1109 1118 1200 1191 1110 1119
1335 5 2 4 26 1200 1191 1110 1119 1201 1192 1111 1120
1336 5 2 4 26 1201 1192 1111 1120 1202 1193 1112 1121
1337 5 2 4 26 1202 1193 1112 1121 1203 1194 1113 1122
1338 5 2 4 26 1203 1194 1113 1122 1204 1195 1114 1123
1339 5 2 4 26 1204 1195 1114 1123 1205 1196 1115 1124
1340 5 2 4 26 1205 1196 1115 1124 291 290 299 300
1341 5 2 4 26 184 183 174 175 1206 1197 1116 1125
1342 5 2 4 26 1206 1197 1116 1125 1207 1198 1117 1126
1343 5 2 4 26 1207 1198 1117 1126 1208 1199 1118 1127
1344 5 2 4 26 1208 1199 1118 1127 1209 1200 1119 1128
1345 5 2 4 26 1209 1200 1119 1128 1210 1201 1120 1129
1346 5 2 4 26 1210 1201 1120 1129 1211 1202 1121 1130
1347 5 2 4 26 1211 1202 1121 1130 1212 1203 1122 1131
1348 5 2 4 26 1212 1203 1122 1131 1213 1204 1123 1132
1349 5 2 4 26 1213 1204 1123 1132 1214 1205 1124 1133
1350 5 2 4 26 1214 1205 1124 1133 292 291 300 301
1351 5 2 4 26 185 184 175 176 1215 1206 1125 1134
1352 5 2 4 26 1215 1206 1125 1134 1216 1207 1126 1135
1353 5 2 4 26 1216 1207 1126 1135 1217 1208 1127 1136
1354 5 2 4 26 1217 1208 1127 1136 1218 1209 1128 1137
1355 5 2 4 26 1218 1209 1128 1137 1219 1210 1129 1138
1356 5 2 4 26 1219 1210 1129 1138 1220 1211 1130 1139
1357 5 2 4 26 1220 1211 1130 1139 1221 1212 1131 1140
1358 5 2 4 26 1221 1212 1131 1140 1222 1213 1132 1141
1359 5 2 4 26 1222 1213 1132 1141 1223 1214 1133 1142
1360 5 2 4 26 1223 1214 1133 1142 293 292 301 302
1361 5 2 4 26 186 185 176 177 1224 1215 1134 1143
1362 5 2 4 26 1224 1215 1134 1143 1225 1216 1135 1144
1363 5 2 4 26 1225 1216 1135 1144 1226 1217 1136 1145
1364 5 2 4 26 1226 1217 1136 1145 1227 1218 1137 1146
1365 5 2 4 26 1227 1218 1137 1146 1228 1219 1138 1147
1366 5 2 4 26 1228 1219 1138 1147 1229 1220 1139 1148
1367 5 2 4 26 1229 1220 1139 1148 1230 1221 1140 1149
1368 5 2 4 26 1230 1221 1140 1149 1231 1222 1141 1150
1369 5 2 4 26 1231 1222 1141 1150 1232 1223 1142 1151
1370 5 2 4 26 1232 1223 1142 1151 294 293 302 303
1371 5 2 4 26 187 186 177 178 1233 1224 1143 1152
1372 5 2 4 26 1233 1224 1143 1152 1234 1225 1144 1153
1373 5 2 4 26 1234 1225 1144 1153 1235 1226 1145 1154
1374 5 2 4 26 1235 1226 1145 1154 1236 1227 1146 1155
1375 5 2 4 26 1236 1227 1146 1155 1237 1228 1147 1156
1376 5 2 4 26 1237 1228 1147 1156 1238 1229 1148 1157
1377 5 2 4 26 1238 1229 1148 1157 1239 1230 1149 1158
1378 5 2 4 26 1239 1230 1149 1158 1240 1231 1150 1159
1379 5 2 4 26 1240 1231 1150 1159 1241 1232 1151 1160
1380 5 2 4 26 1241 1232 1151 1160 295 294 303 304
1381 5 2 4 26 188 187 178 179 1242 1233 1152 1161
1382 5 2 4 26 1242 1233 1152 1161 1243 1234 1153 1162
1383 5 2 4 26 1243 1234 1153 1162 1244 1235 1154 1163
1384 5 2 4 26 1244 1235 1154 1163 1245 1236 1155 1164
1385 5 2 4 26 1245 1236 1155 1164 1246 1237 1156 1165
1386 5 2 4 26 1246 1237 1156 1165 1247 1238 1157 1166
1387 5 2 4 26 1247 1238 1157 1166 1248 1239 1158 1167
1388 5 2 4 26 1248 1239 1158 1167 1249 1240 1159 1168
1389 5 2 4 26 1249 1240 1159 1168 1250 1241 1160 1169
1390 5 2 4 26 1250 1241 1160 1169 296 295 304 305
1391 5 2 4 26 82 188 179 83 531 1242 1161 540
1392 5 2 4 26 531 1242 1161 540 532 1243 1162 541
1393 5 2 4 26 532 1243 1162 541 533 1244 1163 542
1394 5 2 4 26 533 1244 1163 542 534 1245 1164 543
1395 5 2 4 26 534 1245 1164 543 535 1246 1165 544
1396 5 2 4 26 535 1246 1165 544 536 1247 1166 545
1397 5 2 4 26 536 1247 1166 545 537 1248 1167 546
1398 5 2 4 26 537 1248 1167 546 538 1249 1168 547
1399 5 2 4 26 538 1249 1168 547 539 1250 1169 548
1400 5 2 4 26 539 1250 1169 548 16 296 305 15
1401 5 2 4 26 189 71 70 180 1251 513 504 1170
1402 5 2 4 26 1251 513 504 1170 1252 514 505 1171
1403 5 2 4 26 1252 514 505 1171 1253 515 506 1172
1404 5 2 4 26 1253 515 506 1172 1254 516 507 1173
1405 5 2 4 26 1254 516 507 1173 1255 517 508 1174
1406 5 2 4 26 1255 517 508 1174 1256 518 509 1175
1407 5 2 4 26 1256 518 509 1175 1257 519 510 1176
1408 5 2 4 26 1257 519 510 1176 1258 520 511 1177
1409 5 2 4 26 1258 520 511 1177 1259 521 512 1178
1410 5 2 4 26 1259 521 512 1178 279 27 28 288
1411 5 2 4 26 190 189 180 181 1260 1251 1170 1179
1412 5 2 4 26 1260 1251 1170 1179 1261 1252 1171 1180
1413 5 2 4 26 1261 1252 1171 1180 1262 1253 1172 1181
1414 5 2 4 26 1262 1253 1172 1181 1263 1254 1173 1182
1415 5 2 4 26 1263 1254 1173 1182 1264 1255 1174 1183
1416 5 2 4 26 1264 1255 1174 1183 1265 1256 1175 1184
1417 5 2 4 26 1265 1256 1175 1184 1266 1257 1176 1185
1418 5 2 4 26 1266 1257 1176 1185 1267 1258 1177 1186
1419 5 2 4 26 1267 1258 1177 1186 1268 1259 1178 1187
1420 5 2 4 26 1268 1259 1178 1187 280 279 288 289
1421 5 2 4 26 191 190 181 182 1269 1260 1179 1188
1422 5 2 4 26 1269 1260 1179 1188 1270 1261 1180 1189
1423 5 2 4 26 1270 1261 1180 1189 1271 1262 1181 1190
1424 5 2 4 26 1271 1262 1181 1190 1272 1263 1182 1191
1425 5 2 4 26 1272 1263 1182 1191 1273 1264 1183 1192
1426 5 2 4 26 1273 1264 1183 1192 1274 1265 1184 1193
1427 5 2 4 26 1274 1265 1184 1193 1275 1266 1185 1194
1428 5 2 4 26 1275 1266 1185 1194 1276 1267 1186 1195
1429 5 2 4 26 1276 1267 1186 1195 1277 1268 1187 1196
1430 5 2 4 26 1277 1268 1187 1196 281 280 289 290
1431 5 2 4 26 192 191 182 183 1278 1269 1188 1197
1432 5 2 4 26 1278 1269 1188 1197 1279 1270 1189 1198
1433 5 2 4 26 1279 1270 1189 1198 1280 1271 1190 1199
1434 5 2 4 26 1280 1271 1190 1199 1281 1272 1191 1200
1435 5 2 4 26 1281 1272 1191 1200 1282 1273 1192 1201
1436 5 2 4 26 1282 1273 1192 1201 1283 1274 1193 1202
1437 5 2 4 26 1283 1274 1193 1202 1284 1275 1194 1203
1438 5 2 4 26 1284 1275 1194 1203 1285 1276 1195 1204
1439 5 2 4 26 1285 1276 1195 1204 1286 1277 1196 1205
1440 5 2 4 26 1286 1277 1196 1205 282 281 290 291
1441 5 2 4 26 193 192 183 184 1287 1278 1197 1206
1442 5 2 4 26 1287 1278 1197 1206 1288 1279 1198 1207
1443 5 2 4 26 1288 1279 1198 1207 1289 1280 1199 1208
1444 5 2 4 26 1289 1280 1199 1208 1290 1281 1200 1209
1445 5 2 4 26 1290 1281 1200 1209 1291 1282 1201 1210
1446 5 2 4 26 1291 1282 1201 1210 1292 1283 1202 1211
1447 5 2 4 26 1292 1283 1202 1211 1293 1284 1203 1212
1448 5 2 4 26 1293 1284 1203 1212 1294 1285 1204 1213
1449 5 2 4 26 1294 1285 1204 1213 1295 1286 1205 1214
1450 5 2 4 26 1295 1286 1205 1214 283 282 291 292
1451 5 2 4 26 194 193 184 185 1296 1287 1206 1215
1452 5 2 4 26 1296 1287 1206 1215 1297 1288 1207 1216
1453 5 2 4 26 1297 1288 1207 1216 1298 1289 1208 1217
1454 5 2 4 26 1298 1289 1208 1217 1299 1290 1209 1218
1455 5 2 4 26 1299 1290 1209 1218 1300 1291 1210 1219
1456 5 2 4 26 1300 1291 1210 1219 1301 1292 1211 1220
1457 5 2 4 26 1301 1292 1211 1220 1302 1293 1212 1221
1458 5 2 4 26 1302 1293 1212 1221 1303 1294 1213 1222
1459 5 2 4 26 1303 1294 1213 1222 1304 1295 1214 1223
1460 5 2 4 26 1304 1295 1214 1223 284 283 292 293
1461 5 2 4 26 195 194 185 186 1305 1296 1215 1224
1462 5 2 4 26 1305 1296 1215 1224 1306 1297 1216 1225
1463 5 2 4 26 1306 1297 1216 1225 1307 1298 1217 1226
1464 5 2 4 26 1307 1298 1217 1226 1308 1299 1218 1227
1465 5 2 4 26 1308 1299 1218 1227 1309 1300 1219 1228
1466 5 2 4 26 1309 1300 1219 1228 1310 1301 1220 1229
1467 5 2 4 26 1310 1301 1220 1229 1311 1302 1221 1230
1468 5 2 4 26 1311 1302 1221 1230 1312 1303 1222 1231
1469 5 2 4 26 1312 1303 1222 1231 1313 1304 1223 1232
1470 5 2 4 26 1313 1304 1223 1232 285 284 293 294
1471 5 2 4 26 196 195 186 187 1314 1305 1224 1233
1472 5 2 4 26 1314 1305 1224 1233 1315 1306 1225 1234
1473 5 2 4 26 1315 1306 1225 1234 1316 1307 1226 1235
1474 5 2 4 26 1316 1307 1226 1235 1317 1308 1227 1236
1475 5 2 4 26 1317 1308 1227 1236 1318 1309 1228 1237
1476 5 2 4 26 1318 1309 1228 1237 1319 1310 1229 1238
1477 5 2 4 26 1319 1310 1229 1238 1320 1311 1230 1239
1478 5 2 4 26 1320 1311 1230 1239 1321 1312 1231 1240
1479 5 2 4 26 1321 1312 1231 1240 1322 1313 1232 1241
1480 5 2 4 26 1322 1313 1232 1241 286 285 294 295
1481 5 2 4 26 197 196 187 188 1323 1314 1233 1242
1482 5 2 4 26 1323 1314 1233 1242 1324 1315 1234 1243
1483 5 2 4 26 1324 1315 1234 1243 1325 1316 1235 1244
1484 5 2 4 26 1325 1316 1235 1244 1326 1317 1236 1245
1485 5 2 4 26 1326 1317 1236 1245 1327 1318 1237 1246
1486 5 2 4 26 1327 1318 1237 1246 1328 1319 1238 1247
1487 5 2 4 26 1328 1319 1238 1247 1329 1320 1239 1248
1488 5 2 4 26 1329 1320 1239 1248 1330 1321 1240 1249
1489 5 2 4 26 1330 1321 1240 1249 1331 1322 1241 1250
1490 5 2 4 26 1331 1322 1241 1250 287 286 295 296
1491 5 2 4 26 81 197 188 82 522 1323 1242 531
1492 5 2 4 26 522 1323 1242 531 523 1324 1243 532
1493 5 2 4 26 523 1324 1243 532 524 1325 1244 533
1494 5 2 4 26 524 1325 1244 533 525 1326 1245 534
1495 5 2 4 26 525 1326 1245 534 526 1327 1246 535
1496 5 2 4 26 526 1327 1246 535 527 1328 1247 536
1497 5 2 4 26 527 1328 1247 536 528 1329 1248 537
1498 5 2 4 26 528 1329 1248 537 529 1330 1249 538
1499 5 2 4 26 529 1330 1249 538 530 1331 1250 539
1500 5 2 4 26 530 1331 1250 539 17 287 296 16
1501 5 2 4 26 72 6 71 189 360 108 513 1251
1502 5 2 4 26 360 108 513 1251 369 109 514 1252
1503 5 2 4 26 369 109 514 1252 378 110 515 1253
1504 5 2 4 26 378 110 515 1253 387 111 516 1254
1505 5 2 4 26 387 111 516 1254 396 112 517 1255
1506 5 2 4 26 396 112 517 1255 405 113 518 1256
1507 5 2 4 26 405 113 518 1256 414 114 519 1257
1508 5 2 4 26 414 114 519 1257 423 115 520 1258
1509 5 2 4 26 423 115 520 1258 432 116 521 1259
1510 5 2 4 26 432 116 521 1259 26 5 27 279
1511 5 2 4 26 73 72 189 190 361 360 1251 1260
1512 5 2 4 26 361 360 1251 1260 370 369 1252 1261
1513 5 2 4 26 370 369 1252 1261 379 378 1253 1262
1514 5 2 4 26 379 378 1253 1262 388 387 1254 1263
1515 5 2 4 26 388 387 1254 1263 397 396 1255 1264
1516 5 2 4 26 397 396 1255 1264 406 405 1256 1265
1517 5 2 4 26 406 405 1256 1265 415 414 1257 1266
1518 5 2 4 26 415 414 1257 1266 424 423 1258 1267
1519 5 2 4 26 424 423 1258 1267 433 432 1259 1268
1520 5 2 4 26 433 432 1259 1268 25 26 279 280
1521 5 2 4 26 74 73 190 191 362 361 1260 1269
1522 5 2 4 26 362 361 1260 1269 371 370 1261 1270
1523 5 2 4 26 371 370 1261 1270 380 379 1262 1271
1524 5 2 4 26 380 379 1262 1271 389 388 1263 1272
1525 5 2 4 26 389 388 1263 1272 398 397 1264 1273
1526 5 2 4 26 398 397 1264 1273 407 406 1265 1274
1527 5 2 4 26 407 406 1265 1274 416 415 1266 1275
1528 5 2 4 26 416 415 1266 1275 425 424 1267 1276
1529 5 2 4 26 425 424 1267 1276 434 433 1268 1277
1530 5 2 4 26 434 433 1268 1277 24 25 280 281
1531 5 2 4 26 75 74 191 192 363 362 1269 1278
1532 5 2 4 26 363 362 1269 1278 372 371 1270 1279
1533 5 2 4 26 372 371 1270 1279 381 380 1271 1280
1534 5 2 4 26 381 380 1271 1280 390 389 1272 1281
1535 5 2 4 26 390 389 1272 1281 399 398 1273 1282
1536 5 2 4 26 399 398 1273 1282 408 407 1274 1283
1537 5 2 4 26 408 407 1274 1283 417 416 1275 1284
1538 5 2 4 26 417 416 1275 1284 426 425 1276 1285
1539 5 2 4 26 426 425 1276 1285 435 434 1277 1286
1540 5 2 4 26 435 434 1277 1286 23 24 281 282
1541 5 2 4 26 76 75 192 193 364 363 1278 1287
1542 5 2 4 26 364 363 1278 1287 373 372 1279 1288
1543 5 2 4 26 373 372 1279 1288 382 381 1280 1289
1544 5 2 4 26 382 381 1280 1289 391 390 1281 1290
1545 5 2 4 26 391 390 1281 1290 400 399 1282 1291
1546 5 2 4 26 400 399 1282 1291 409 408 1283 1292
1547 5 2 4 26 409 408 1283 1292 418 417 1284 1293
1548 5 2 4 26 418 417 1284 1293 427 426 1285 1294
1549 5 2 4 26 427 426 1285 1294 436 435 1286 1295
1550 5 2 4 26 436 435 1286 1295 22 23 282 283
1551 5 2 4 26 77 76 193 194 365 364 1287 1296
1552 5 2 4 26 365 364 1287 1296 374 373 1288 1297
1553 5 2 4 26 374 373 1288 1297 383 382 1289 1298
1554 5 2 4 26 383 382 1289 1298 392 391 1290 1299
1555 5 2 4 26 392 391 1290 1299 401 400 1291 1300
1556 5 2 4 26 401 400 1291 1300 410 409 1292 1301
1557 5 2 4 26 410 409 1292 1301 419 418 1293 1302
1558 5 2 4 26 419 418 1293 1302 428 427 1294 1303
1559 5 2 4 26 428 427 1294 1303 437 436 1295 1304
1560 5 2 4 26 437 436 1295 1304 21 22 283 284
1561 5 2 4 26 78 77 194 195 366 365 1296 1305
1562 5 2 4 26 366 365 1296 1305 375 374 1297 1306
1563 5 2 4 26 375 374 1297 1306 384 383 1298 1307
1564 5 2 4 26 384 383 1298 1307 393 392 1299 1308
1565 5 2 4 26 393 392 1299 1308 402 401 1300 1309
1566 5 2 4 26 402 401 1300 1309 411 410 1301 1310
1567 5 2 4 26 411 410 1301 1310 420 419 1302 1311
1568 5 2 4 26 420 419 1302 1311 429 428 1303 1312
1569 5 2 4 26 429 428 1303 1312 438 437 1304 1313
1570 5 2 4 26 438 437 1304 1313 20 21 284 285
1571 5 2 4 26 79 78 195 196 367 366 1305 1314
1572 5 2 4 26 367 366 1305 1314 376 375 1306 1315
1573 5 2 4 26 376 375 1306 1315 385 384 1307 1316
1574 5 2 4 26 385 384 1307 1316 394 393 1308 1317
1575 5 2 4 26 394 393 1308 1317 403 402 1309 1318
1576 5 2 4 26 403 402 1309 1318 412 411 1310 1319
1577 5 2 4 26 412 411 1310 1319 421 420 1311 1320
1578 5 2 4 26 421 420 1311 1320 430 429 1312 1321
1579 5 2 4 26 430 429 1312 1321 439 438 1313 1322
1580 5 2 4 26 439 438 1313 1322 19 20 285 286
1581 5 2 4 26 80 79 196 197 368 367 1314 1323
1582 5 2 4 26 368 367 1314 1323 377 376 1315 1324
1583 5 2 4 26 377 376 1315 1324 386 385 1316 1325
1584 5 2 4 26 386 385 1316 1325 395 394 1317 1326
1585 5 2 4 26 395 394 1317 1326 404 403 1318 1327
1586 5 2 4 26 404 403 1318 1327 413 412 1319 1328
1587 5 2 4 26 413 412 1319 1328 422 421 1320 1329
1588 5 2 4 26 422 421 1320 1329 431 430 1321 1330
1589 5 2 4 26 431 430 1321 1330 440 439 1322 1331
1590 5 2 4 26 440 439 1322 1331 18 19 286 287
1591 5 2 4 26 8 80 197 81 99 368 1323 522
1592 5 2 4 26 99 368 1323 522 100 377 1324 523
1593 5 2 4 26 100 377 1324 523 101 386 1325 524
1594 5 2 4 26 101 386 1325 524 102 395 1326 525
1595 5 2 4 26 102 395 1326 525 103 404 1327 526
1596 5 2 4 26 103 404 1327 526 104 413 1328 527
1597 5 2 4 26 104 413 1328 527 105 422 1329 528
1598 5 2 4 26 105 422 1329 528 106 431 1330 529
1599 5 2 4 26 106 431 1330 529 107 440 1331 530
1600 5 2 4 26 107 440 1331 530 7 18 287 17