1 0 0 0
2 1 0 0
3 0 1 0
4 1 1 0
5 1 1 1
6 1 0 1
7 0 1 1
8 0 0 1
9 0 1 0.04782561926469622
10 0 1 0.1198102271761044
11 0 1 0.2211869986754956
12 0 1 0.3513524882920078
13 0 1 0.4999999999980579
14 0 1 0.6486475117051534
15 0 1 0.7788130013228203
16 0 1 0.8801897728231226
17 0 1 0.9521743807350306
18 0.04782561926469622 1 1
19 0.1198102271761044 1 1
20 0.2211869986754956 1 1
21 0.3513524882920078 1 1
22 0.4999999999980579 1 1
23 0.6486475117051534 1 1
24 0.7788130013228203 1 1
25 0.8801897728231226 1 1
26 0.9521743807350306 1 1
27 1 1 0.9521743807349903
28 1 1 0.8801897728230017
29 1 1 0.7788130013237915
30 1 1 0.6486475117078103
31 1 1 0.500000000002482
32 1 1 0.3513524882952507
33 1 1 0.2211869986774282
34 1 1 0.1198102271769994
35 1 1 0.04782561926500972
36 0.9521743807349903 1 0
37 0.8801897728230017 1 0
38 0.7788130013237915 1 0
39 0.6486475117078103 1 0
40 0.500000000002482 1 0
41 0.3513524882952507 1 0
42 0.2211869986774282 1 0
43 0.1198102271769994 1 0
44 0.04782561926500972 1 0
45 0 0.9521743807349903 0
46 0 0.8801897728230017 0
47 0 0.7788130013237915 0
48 0 0.6486475117078103 0
49 0 0.500000000002482 0
50 0 0.3513524882952507 0
51 0 0.2211869986774282 0
52 0 0.1198102271769994 0
53 0 0.04782561926500972 0
54 1 0.04782561926469622 0
55 1 0.1198102271761044 0
56 1 0.2211869986754956 0
57 1 0.3513524882920078 0
58 1 0.4999999999980579 0
59 1 0.6486475117051534 0
60 1 0.7788130013228203 0
61 1 0.8801897728231226 0
62 1 0.9521743807350306 0
63 1 0 0.04782561926469622
64 1 0 0.1198102271761044
65 1 0 0.2211869986754956
66 1 0 0.3513524882920078
67 1 0 0.4999999999980579
68 1 0 0.6486475117051534
69 1 0 0.7788130013228203
70 1 0 0.8801897728231226
71 1 0 0.9521743807350306
72 0.9521743807349903 0 1
73 0.8801897728230017 0 1
74 0.7788130013237915 0 1
75 0.6486475117078103 0 1
76 0.500000000002482 0 1
77 0.3513524882952507 0 1
78 0.2211869986774282 0 1
79 0.1198102271769994 0 1
80 0.04782561926500972 0 1
81 0 0 0.9521743807349903
82 0 0 0.8801897728230017
83 0 0 0.7788130013237915
84 0 0 0.6486475117078103
85 0 0 0.500000000002482
86 0 0 0.3513524882952507
87 0 0 0.2211869986774282
88 0 0 0.1198102271769994
89 0 0 0.04782561926500972
90 0.04782561926469622 0 0
91 0.1198102271761044 0 0
92 0.2211869986754956 0 0
93 0.3513524882920078 0 0
94 0.4999999999980579 0 0
95 0.6486475117051534 0 0
96 0.7788130013228203 0 0
97 0.8801897728231226 0 0
98 0.9521743807350306 0 0
99 0 0.04782561926469622 1
100 0 0.1198102271761044 1
101 0 0.2211869986754956 1
102 0 0.3513524882920078 1
103 0 0.4999999999980579 1
104 0 0.6486475117051534 1
105 0 0.7788130013228203 1
106 0 0.8801897728231226 1
107 0 0.9521743807350306 1
108 1 0.04782561926469622 1
109 1 0.1198102271761044 1
110 1 0.2211869986754956 1
111 1 0.3513524882920078 1
112 1 0.4999999999980579 1
113 1 0.6486475117051534 1
114 1 0.7788130013228203 1
115 1 0.8801897728231226 1
116 1 0.9521743807350306 1
117 0.9521743807350285 0 0.04782561926471122
118 0.8801897728231169 0 0.04782561926473379
119 0.7788130013228667 0 0.04782561926476556
120 0.6486475117052806 0 0.04782561926480637
121 0.4999999999982694 0 0.04782561926485296
122 0.3513524882921629 0 0.04782561926489957
123 0.221186998675588 0 0.04782561926494037
124 0.1198102271761472 0 0.04782561926497217
125 0.0478256192647112 0 0.04782561926499473
126 0.9521743807350258 0 0.1198102271761472
127 0.8801897728231083 0 0.1198102271762116
128 0.7788130013229366 0 0.1198102271763023
129 0.6486475117054717 0 0.1198102271764188
130 0.499999999998588 0 0.1198102271765519
131 0.3513524882923963 0 0.1198102271766849
132 0.2211869986757271 0 0.1198102271768014
133 0.1198102271762116 0 0.1198102271768922
134 0.04782561926473378 0 0.1198102271769566
135 0.9521743807350217 0 0.221186998675588
136 0.8801897728230959 0 0.2211869986757272
137 0.7788130013230352 0 0.2211869986759231
138 0.6486475117057411 0 0.2211869986761746
139 0.4999999999990363 0 0.2211869986764619
140 0.351352488292725 0 0.2211869986767491
141 0.2211869986759231 0 0.2211869986770007
142 0.1198102271763024 0 0.2211869986771967
143 0.04782561926476556 0 0.2211869986773358
144 0.9521743807350163 0 0.3513524882921629
145 0.8801897728230802 0 0.3513524882923964
146 0.7788130013231616 0 0.3513524882927251
147 0.6486475117060868 0 0.3513524882931472
148 0.4999999999996123 0 0.3513524882936293
149 0.3513524882931471 0 0.3513524882941113
150 0.2211869986761746 0 0.3513524882945334
151 0.1198102271764188 0 0.3513524882948621
152 0.04782561926480637 0 0.3513524882950956
153 0.9521743807350105 0 0.4999999999982695
154 0.8801897728230621 0 0.4999999999985879
155 0.7788130013233059 0 0.4999999999990364
156 0.6486475117064818 0 0.4999999999996123
157 0.50000000000027 0 0.5000000000002699
158 0.3513524882936292 0 0.5000000000009276
159 0.2211869986764619 0 0.5000000000015035
160 0.1198102271765519 0 0.5000000000019519
161 0.04782561926485297 0 0.5000000000022703
162 0.9521743807350045 0 0.6486475117052805
163 0.8801897728230443 0 0.6486475117054716
164 0.7788130013234502 0 0.6486475117057412
165 0.6486475117068768 0 0.6486475117060869
166 0.5000000000009277 0 0.6486475117064819
167 0.3513524882941113 0 0.6486475117068767
168 0.2211869986767492 0 0.6486475117072227
169 0.1198102271766849 0 0.648647511707492
170 0.04782561926489957 0 0.6486475117076832
171 0.9521743807349992 0 0.7788130013228667
172 0.8801897728230283 0 0.7788130013229366
173 0.7788130013235766 0 0.7788130013230352
174 0.6486475117072226 0 0.7788130013231616
175 0.5000000000015035 0 0.7788130013233059
176 0.3513524882945334 0 0.7788130013234502
177 0.2211869986770007 0 0.7788130013235766
178 0.1198102271768014 0 0.7788130013236751
179 0.04782561926494039 0 0.7788130013237451
180 0.9521743807349952 0 0.8801897728231166
181 0.8801897728230161 0 0.8801897728231082
182 0.7788130013236751 0 0.880189772823096
183 0.6486475117074919 0 0.8801897728230802
184 0.500000000001952 0 0.8801897728230622
185 0.3513524882948621 0 0.8801897728230442
186 0.2211869986771967 0 0.8801897728230282
187 0.1198102271768922 0 0.8801897728230164
188 0.04782561926497217 0 0.8801897728230074
189 0.9521743807349921 0 0.9521743807350287
190 0.8801897728230075 0 0.9521743807350257
191 0.7788130013237449 0 0.9521743807350218
192 0.6486475117076833 0 0.9521743807350164
193 0.5000000000022704 0 0.9521743807350104
194 0.3513524882950956 0 0.9521743807350047
195 0.2211869986773358 0 0.9521743807349993
196 0.1198102271769566 0 0.9521743807349951
197 0.04782561926499473 0 0.9521743807349923
198 0.9521743807350285 0.04782561926471122 0
199 0.8801897728231169 0.04782561926473379 0
200 0.7788130013228667 0.04782561926476556 0
201 0.6486475117052806 0.04782561926480637 0
202 0.4999999999982694 0.04782561926485296 0
203 0.3513524882921629 0.04782561926489957 0
204 0.221186998675588 0.04782561926494037 0
205 0.1198102271761472 0.04782561926497217 0
206 0.0478256192647112 0.04782561926499473 0
207 0.9521743807350258 0.1198102271761472 0
208 0.8801897728231083 0.1198102271762116 0
209 0.7788130013229366 0.1198102271763023 0
210 0.6486475117054717 0.1198102271764188 0
211 0.499999999998588 0.1198102271765519 0
212 0.3513524882923963 0.1198102271766849 0
213 0.2211869986757271 0.1198102271768014 0
214 0.1198102271762116 0.1198102271768922 0
215 0.04782561926473378 0.1198102271769566 0
216 0.9521743807350217 0.221186998675588 0
217 0.8801897728230959 0.2211869986757272 0
218 0.7788130013230352 0.2211869986759231 0
219 0.6486475117057411 0.2211869986761746 0
220 0.4999999999990363 0.2211869986764619 0
221 0.351352488292725 0.2211869986767491 0
222 0.2211869986759231 0.2211869986770007 0
223 0.1198102271763024 0.2211869986771967 0
224 0.04782561926476556 0.2211869986773358 0
225 0.9521743807350163 0.3513524882921629 0
226 0.8801897728230802 0.3513524882923964 0
227 0.7788130013231616 0.3513524882927251 0
228 0.6486475117060868 0.3513524882931472 0
229 0.4999999999996123 0.3513524882936293 0
230 0.3513524882931471 0.3513524882941113 0
231 0.2211869986761746 0.3513524882945334 0
232 0.1198102271764188 0.3513524882948621 0
233 0.04782561926480637 0.3513524882950956 0
234 0.9521743807350105 0.4999999999982695 0
235 0.8801897728230621 0.4999999999985879 0
236 0.7788130013233059 0.4999999999990364 0
237 0.6486475117064818 0.4999999999996123 0
238 0.50000000000027 0.5000000000002699 0
239 0.3513524882936292 0.5000000000009276 0
240 0.2211869986764619 0.5000000000015035 0
241 0.1198102271765519 0.5000000000019519 0
242 0.04782561926485297 0.5000000000022703 0
243 0.9521743807350045 0.6486475117052805 0
244 0.8801897728230443 0.6486475117054716 0
245 0.7788130013234502 0.6486475117057412 0
246 0.6486475117068768 0.6486475117060869 0
247 0.5000000000009277 0.6486475117064819 0
248 0.3513524882941113 0.6486475117068767 0
249 0.2211869986767492 0.6486475117072227 0
250 0.1198102271766849 0.648647511707492 0
251 0.04782561926489957 0.6486475117076832 0
252 0.9521743807349992 0.7788130013228667 0
253 0.8801897728230283 0.7788130013229366 0
254 0.7788130013235766 0.7788130013230352 0
255 0.6486475117072226 0.7788130013231616 0
256 0.5000000000015035 0.7788130013233059 0
257 0.3513524882945334 0.7788130013234502 0
258 0.2211869986770007 0.7788130013235766 0
259 0.1198102271768014 0.7788130013236751 0
260 0.04782561926494039 0.7788130013237451 0
261 0.9521743807349952 0.8801897728231166 0
262 0.8801897728230161 0.8801897728231082 0
263 0.7788130013236751 0.880189772823096 0
264 0.6486475117074919 0.8801897728230802 0
265 0.500000000001952 0.8801897728230622 0
266 0.3513524882948621 0.8801897728230442 0
267 0.2211869986771967 0.8801897728230282 0
268 0.1198102271768922 0.8801897728230164 0
269 0.04782561926497217 0.8801897728230074 0
270 0.9521743807349921 0.9521743807350287 0
271 0.8801897728230075 0.9521743807350257 0
272 0.7788130013237449 0.9521743807350218 0
273 0.6486475117076833 0.9521743807350164 0
274 0.5000000000022704 0.9521743807350104 0
275 0.3513524882950956 0.9521743807350047 0
276 0.2211869986773358 0.9521743807349993 0
277 0.1198102271769566 0.9521743807349951 0
278 0.04782561926499473 0.9521743807349923 0
279 0.9521743807350285 1 0.9521743807349923
280 0.8801897728231167 1 0.9521743807349949
281 0.7788130013228667 1 0.9521743807349992
282 0.6486475117052806 1 0.9521743807350043
283 0.4999999999982694 1 0.9521743807350105
284 0.3513524882921629 1 0.9521743807350163
285 0.221186998675588 1 0.9521743807350216
286 0.1198102271761471 1 0.9521743807350258
287 0.04782561926471121 1 0.9521743807350285
288 0.9521743807350258 1 0.8801897728230075
289 0.8801897728231081 1 0.8801897728230164
290 0.7788130013229366 1 0.8801897728230286
291 0.6486475117054717 1 0.8801897728230443
292 0.499999999998588 1 0.8801897728230621
293 0.3513524882923963 1 0.8801897728230801
294 0.2211869986757271 1 0.8801897728230959
295 0.1198102271762116 1 0.8801897728231081
296 0.04782561926473378 1 0.8801897728231167
297 0.9521743807350216 1 0.7788130013237451
298 0.8801897728230959 1 0.7788130013236751
299 0.778813001323035 1 0.7788130013235766
300 0.6486475117057411 1 0.7788130013234502
301 0.4999999999990363 1 0.7788130013233059
302 0.3513524882927251 1 0.7788130013231616
303 0.2211869986759231 1 0.7788130013230352
304 0.1198102271763023 1 0.7788130013229366
305 0.04782561926476556 1 0.7788130013228667
306 0.9521743807350165 1 0.6486475117076833
307 0.8801897728230801 1 0.6486475117074921
308 0.7788130013231616 1 0.6486475117072228
309 0.648647511706087 1 0.6486475117068768
310 0.4999999999996123 1 0.6486475117064818
311 0.3513524882931471 1 0.6486475117060868
312 0.2211869986761746 1 0.6486475117057413
313 0.1198102271764188 1 0.6486475117054717
314 0.04782561926480637 1 0.6486475117052806
315 0.9521743807350105 1 0.5000000000022704
316 0.8801897728230621 1 0.500000000001952
317 0.7788130013233059 1 0.5000000000015035
318 0.6486475117064818 1 0.5000000000009275
319 0.50000000000027 1 0.50000000000027
320 0.3513524882936292 1 0.4999999999996123
321 0.2211869986764619 1 0.4999999999990363
322 0.1198102271765519 1 0.499999999998588
323 0.04782561926485297 1 0.4999999999982694
324 0.9521743807350045 1 0.3513524882950956
325 0.8801897728230443 1 0.3513524882948621
326 0.7788130013234502 1 0.3513524882945334
327 0.6486475117068768 1 0.3513524882941113
328 0.5000000000009277 1 0.3513524882936292
329 0.3513524882941113 1 0.3513524882931472
330 0.2211869986767492 1 0.3513524882927251
331 0.1198102271766849 1 0.3513524882923963
332 0.04782561926489957 1 0.3513524882921629
333 0.9521743807349992 1 0.2211869986773358
334 0.8801897728230283 1 0.2211869986771967
335 0.7788130013235766 1 0.2211869986770007
336 0.6486475117072228 1 0.2211869986767492
337 0.5000000000015035 1 0.2211869986764619
338 0.3513524882945334 1 0.2211869986761746
339 0.2211869986770007 1 0.2211869986759231
340 0.1198102271768015 1 0.2211869986757271
341 0.04782561926494037 1 0.221186998675588
342 0.9521743807349952 1 0.1198102271769566
343 0.8801897728230161 1 0.1198102271768922
344 0.7788130013236751 1 0.1198102271768014
345 0.6486475117074919 1 0.1198102271766849
346 0.500000000001952 1 0.1198102271765519
347 0.3513524882948621 1 0.1198102271764188
348 0.2211869986771966 1 0.1198102271763023
349 0.1198102271768922 1 0.1198102271762116
350 0.04782561926497217 1 0.1198102271761471
351 0.9521743807349923 1 0.04782561926499473
352 0.8801897728230075 1 0.04782561926497217
353 0.7788130013237451 1 0.04782561926494037
354 0.6486475117076833 1 0.04782561926489957
355 0.5000000000022704 1 0.04782561926485299
356 0.3513524882950956 1 0.04782561926480637
357 0.2211869986773358 1 0.04782561926476557
358 0.1198102271769566 1 0.04782561926473378
359 0.04782561926499473 1 0.04782561926471121
360 0.9521743807349922 0.04782561926469621 1
361 0.8801897728230075 0.04782561926469621 1
362 0.7788130013237451 0.04782561926469622 1
363 0.6486475117076833 0.04782561926469622 1
364 0.5000000000022704 0.04782561926469622 1
365 0.3513524882950956 0.04782561926469622 1
366 0.2211869986773358 0.04782561926469622 1
367 0.1198102271769566 0.04782561926469622 1
368 0.04782561926499473 0.04782561926469622 1
369 0.9521743807349953 0.1198102271761044 1
370 0.8801897728230161 0.1198102271761043 1
371 0.7788130013236751 0.1198102271761044 1
372 0.6486475117074919 0.1198102271761044 1
373 0.500000000001952 0.1198102271761044 1
374 0.3513524882948621 0.1198102271761043 1
375 0.2211869986771967 0.1198102271761044 1
376 0.1198102271768922 0.1198102271761044 1
377 0.04782561926497217 0.1198102271761044 1
378 0.9521743807349993 0.2211869986754956 1
379 0.8801897728230285 0.2211869986754956 1
380 0.7788130013235768 0.2211869986754956 1
381 0.6486475117072227 0.2211869986754955 1
382 0.5000000000015035 0.2211869986754956 1
383 0.3513524882945334 0.2211869986754956 1
384 0.2211869986770007 0.2211869986754956 1
385 0.1198102271768014 0.2211869986754956 1
386 0.04782561926494039 0.2211869986754956 1
387 0.9521743807350045 0.3513524882920079 1
388 0.8801897728230442 0.3513524882920078 1
389 0.7788130013234502 0.3513524882920078 1
390 0.6486475117068768 0.3513524882920077 1
391 0.5000000000009275 0.3513524882920078 1
392 0.3513524882941113 0.3513524882920078 1
393 0.2211869986767491 0.3513524882920077 1
394 0.1198102271766849 0.3513524882920078 1
395 0.04782561926489957 0.3513524882920078 1
396 0.9521743807350104 0.4999999999980579 1
397 0.880189772823062 0.4999999999980579 1
398 0.7788130013233059 0.4999999999980579 1
399 0.6486475117064818 0.4999999999980579 1
400 0.50000000000027 0.4999999999980579 1
401 0.3513524882936292 0.4999999999980579 1
402 0.2211869986764619 0.4999999999980579 1
403 0.1198102271765519 0.4999999999980579 1
404 0.04782561926485297 0.4999999999980579 1
405 0.9521743807350165 0.6486475117051532 1
406 0.8801897728230802 0.6486475117051537 1
407 0.7788130013231613 0.6486475117051534 1
408 0.6486475117060868 0.6486475117051534 1
409 0.4999999999996123 0.6486475117051534 1
410 0.3513524882931471 0.6486475117051534 1
411 0.2211869986761746 0.6486475117051536 1
412 0.1198102271764188 0.6486475117051534 1
413 0.04782561926480637 0.6486475117051534 1
414 0.9521743807350217 0.7788130013228205 1
415 0.8801897728230957 0.7788130013228203 1
416 0.778813001323035 0.7788130013228203 1
417 0.6486475117057411 0.7788130013228203 1
418 0.4999999999990364 0.7788130013228203 1
419 0.351352488292725 0.7788130013228203 1
420 0.2211869986759231 0.7788130013228203 1
421 0.1198102271763023 0.7788130013228203 1
422 0.04782561926476556 0.7788130013228203 1
423 0.9521743807350258 0.8801897728231226 1
424 0.8801897728231082 0.8801897728231226 1
425 0.7788130013229366 0.8801897728231226 1
426 0.6486475117054717 0.8801897728231227 1
427 0.499999999998588 0.8801897728231226 1
428 0.3513524882923963 0.8801897728231227 1
429 0.2211869986757271 0.8801897728231225 1
430 0.1198102271762116 0.8801897728231226 1
431 0.04782561926473378 0.8801897728231226 1
432 0.9521743807350286 0.9521743807350306 1
433 0.8801897728231167 0.9521743807350306 1
434 0.7788130013228669 0.9521743807350305 1
435 0.6486475117052803 0.9521743807350305 1
436 0.4999999999982694 0.9521743807350306 1
437 0.3513524882921629 0.9521743807350305 1
438 0.221186998675588 0.9521743807350304 1
439 0.1198102271761471 0.9521743807350305 1
440 0.04782561926471121 0.9521743807350306 1
441 1 0.04782561926469622 0.04782561926471121
442 1 0.1198102271761044 0.04782561926473378
443 1 0.2211869986754956 0.04782561926476556
444 1 0.3513524882920078 0.04782561926480637
445 1 0.4999999999980579 0.04782561926485297
446 1 0.6486475117051536 0.04782561926489957
447 1 0.7788130013228203 0.04782561926494039
448 1 0.8801897728231227 0.04782561926497217
449 1 0.9521743807350306 0.04782561926499473
450 1 0.04782561926469622 0.1198102271761472
451 1 0.1198102271761044 0.1198102271762116
452 1 0.2211869986754956 0.1198102271763023
453 1 0.3513524882920078 0.1198102271764188
454 1 0.4999999999980579 0.1198102271765519
455 1 0.6486475117051534 0.1198102271766849
456 1 0.7788130013228203 0.1198102271768015
457 1 0.8801897728231227 0.1198102271768922
458 1 0.9521743807350306 0.1198102271769566
459 1 0.04782561926469622 0.221186998675588
460 1 0.1198102271761044 0.2211869986757272
461 1 0.2211869986754956 0.221186998675923
462 1 0.3513524882920078 0.2211869986761746
463 1 0.4999999999980579 0.2211869986764619
464 1 0.6486475117051534 0.2211869986767491
465 1 0.7788130013228203 0.2211869986770007
466 1 0.8801897728231226 0.2211869986771967
467 1 0.9521743807350306 0.2211869986773358
468 1 0.04782561926469622 0.3513524882921629
469 1 0.1198102271761044 0.3513524882923963
470 1 0.2211869986754956 0.3513524882927251
471 1 0.3513524882920077 0.3513524882931471
472 1 0.4999999999980579 0.3513524882936291
473 1 0.6486475117051534 0.3513524882941113
474 1 0.7788130013228203 0.3513524882945335
475 1 0.8801897728231226 0.3513524882948622
476 1 0.9521743807350305 0.3513524882950956
477 1 0.04782561926469622 0.4999999999982695
478 1 0.1198102271761044 0.499999999998588
479 1 0.2211869986754956 0.4999999999990364
480 1 0.3513524882920078 0.4999999999996123
481 1 0.4999999999980579 0.5000000000002699
482 1 0.6486475117051534 0.5000000000009276
483 1 0.7788130013228203 0.5000000000015035
484 1 0.8801897728231226 0.5000000000019519
485 1 0.9521743807350306 0.5000000000022705
486 1 0.04782561926469622 0.6486475117052806
487 1 0.1198102271761043 0.6486475117054719
488 1 0.2211869986754956 0.6486475117057412
489 1 0.3513524882920078 0.6486475117060869
490 1 0.4999999999980579 0.6486475117064819
491 1 0.6486475117051534 0.6486475117068767
492 1 0.7788130013228203 0.6486475117072228
493 1 0.8801897728231226 0.648647511707492
494 1 0.9521743807350305 0.6486475117076832
495 1 0.04782561926469622 0.7788130013228669
496 1 0.1198102271761043 0.7788130013229366
497 1 0.2211869986754956 0.778813001323035
498 1 0.3513524882920077 0.7788130013231616
499 1 0.4999999999980579 0.7788130013233057
500 1 0.6486475117051533 0.7788130013234504
501 1 0.7788130013228203 0.7788130013235766
502 1 0.8801897728231226 0.7788130013236751
503 1 0.9521743807350306 0.7788130013237449
504 1 0.04782561926469622 0.8801897728231169
505 1 0.1198102271761044 0.8801897728231081
506 1 0.2211869986754956 0.880189772823096
507 1 0.3513524882920078 0.88018977282308
508 1 0.4999999999980579 0.880189772823062
509 1 0.6486475117051534 0.8801897728230442
510 1 0.7788130013228203 0.8801897728230287
511 1 0.8801897728231226 0.8801897728230162
512 1 0.9521743807350305 0.8801897728230075
513 1 0.04782561926469622 0.9521743807350286
514 1 0.1198102271761044 0.9521743807350257
515 1 0.2211869986754956 0.9521743807350217
516 1 0.3513524882920078 0.9521743807350165
517 1 0.4999999999980579 0.9521743807350104
518 1 0.6486475117051534 0.9521743807350047
519 1 0.7788130013228203 0.9521743807349993
520 1 0.8801897728231225 0.9521743807349952
521 1 0.9521743807350306 0.9521743807349922
522 0 0.04782561926471121 0.9521743807349923
523 0 0.1198102271761471 0.9521743807349952
524 0 0.221186998675588 0.9521743807349992
525 0 0.3513524882921629 0.9521743807350043
526 0 0.4999999999982694 0.9521743807350105
527 0 0.6486475117052806 0.9521743807350165
528 0 0.7788130013228667 0.9521743807350216
529 0 0.8801897728231167 0.9521743807350258
530 0 0.9521743807350285 0.9521743807350285
531 0 0.04782561926473378 0.8801897728230075
532 0 0.1198102271762116 0.8801897728230161
533 0 0.2211869986757271 0.8801897728230283
534 0 0.3513524882923963 0.8801897728230443
535 0 0.499999999998588 0.8801897728230621
536 0 0.6486475117054717 0.8801897728230801
537 0 0.7788130013229366 0.8801897728230959
538 0 0.8801897728231081 0.8801897728231081
539 0 0.9521743807350258 0.8801897728231167
540 0 0.04782561926476556 0.7788130013237451
541 0 0.1198102271763023 0.7788130013236751
542 0 0.2211869986759231 0.7788130013235766
543 0 0.3513524882927251 0.7788130013234502
544 0 0.4999999999990363 0.7788130013233059
545 0 0.6486475117057411 0.7788130013231616
546 0 0.778813001323035 0.7788130013230352
547 0 0.8801897728230959 0.7788130013229366
548 0 0.9521743807350216 0.7788130013228667
549 0 0.04782561926480637 0.6486475117076833
550 0 0.1198102271764188 0.6486475117074919
551 0 0.2211869986761746 0.6486475117072226
552 0 0.3513524882931471 0.6486475117068768
553 0 0.4999999999996123 0.6486475117064818
554 0 0.648647511706087 0.6486475117060868
555 0 0.7788130013231616 0.6486475117057413
556 0 0.8801897728230801 0.6486475117054717
557 0 0.9521743807350165 0.6486475117052806
558 0 0.04782561926485297 0.5000000000022704
559 0 0.1198102271765519 0.500000000001952
560 0 0.2211869986764619 0.5000000000015035
561 0 0.3513524882936292 0.5000000000009277
562 0 0.50000000000027 0.50000000000027
563 0 0.6486475117064818 0.4999999999996123
564 0 0.7788130013233059 0.4999999999990363
565 0 0.8801897728230621 0.4999999999985878
566 0 0.9521743807350105 0.4999999999982694
567 0 0.04782561926489957 0.3513524882950956
568 0 0.1198102271766849 0.3513524882948622
569 0 0.2211869986767492 0.3513524882945334
570 0 0.3513524882941113 0.3513524882941113
571 0 0.5000000000009277 0.3513524882936293
572 0 0.6486475117068768 0.3513524882931472
573 0 0.7788130013234502 0.3513524882927251
574 0 0.8801897728230443 0.3513524882923963
575 0 0.9521743807350045 0.3513524882921629
576 0 0.04782561926494037 0.2211869986773358
577 0 0.1198102271768015 0.2211869986771967
578 0 0.2211869986770007 0.2211869986770007
579 0 0.3513524882945334 0.2211869986767492
580 0 0.5000000000015035 0.2211869986764619
581 0 0.6486475117072228 0.2211869986761746
582 0 0.7788130013235766 0.2211869986759231
583 0 0.8801897728230283 0.2211869986757271
584 0 0.9521743807349992 0.221186998675588
585 0 0.04782561926497217 0.1198102271769566
586 0 0.1198102271768922 0.1198102271768922
587 0 0.2211869986771966 0.1198102271768015
588 0 0.3513524882948621 0.1198102271766849
589 0 0.500000000001952 0.1198102271765519
590 0 0.6486475117074919 0.1198102271764188
591 0 0.7788130013236751 0.1198102271763024
592 0 0.8801897728230161 0.1198102271762116
593 0 0.9521743807349952 0.1198102271761471
594 0 0.04782561926499473 0.04782561926499473
595 0 0.1198102271769566 0.04782561926497217
596 0 0.2211869986773358 0.04782561926494037
597 0 0.3513524882950956 0.04782561926489957
598 0 0.5000000000022704 0.04782561926485296
599 0 0.6486475117076833 0.04782561926480637
600 0 0.7788130013237451 0.04782561926476556
601 0 0.8801897728230075 0.04782561926473378
602 0 0.9521743807349923 0.04782561926471121
603 0.9521743807350262 0.04782561926471051 0.04782561926472476
604 0.9521743807350245 0.1198102271761451 0.04782561926474518
605 0.95217438073502 0.2211869986755836 0.04782561926477392
606 0.9521743807350157 0.3513524882921553 0.04782561926481082
607 0.9521743807350104 0.4999999999982593 0.04782561926485297
608 0.952174380735005 0.6486475117052745 0.04782561926489512
609 0.9521743807350003 0.7788130013228648 0.04782561926493203
610 0.9521743807349966 0.8801897728231171 0.04782561926496075
611 0.9521743807349941 0.9521743807350288 0.04782561926498118
612 0.8801897728231121 0.04782561926473199 0.04782561926474516
613 0.880189772823104 0.1198102271762064 0.04782561926476237
614 0.8801897728230929 0.2211869986757161 0.04782561926478652
615 0.8801897728230789 0.3513524882923779 0.04782561926481755
616 0.8801897728230621 0.4999999999985625 0.04782561926485297
617 0.8801897728230459 0.6486475117054564 0.04782561926488843
618 0.8801897728230312 0.7788130013229313 0.04782561926491946
619 0.8801897728230205 0.8801897728231088 0.04782561926494362
620 0.8801897728230129 0.9521743807350265 0.04782561926496078
621 0.7788130013229088 0.04782561926476222 0.04782561926477392
622 0.7788130013229722 0.1198102271762928 0.04782561926478651
623 0.7788130013230611 0.2211869986759026 0.04782561926480423
624 0.7788130013231751 0.3513524882926907 0.04782561926482697
625 0.7788130013233057 0.4999999999989894 0.04782561926485297
626 0.7788130013234361 0.6486475117057131 0.04782561926487894
627 0.7788130013235511 0.778813001323025 0.04782561926490171
628 0.7788130013236401 0.880189772823097 0.04782561926491943
629 0.778813001323703 0.9521743807350224 0.04782561926493202
630 0.6486475117053955 0.04782561926480111 0.04782561926481083
631 0.6486475117055686 0.1198102271764038 0.04782561926481753
632 0.6486475117058119 0.2211869986761422 0.047825619264827
633 0.6486475117061247 0.3513524882930928 0.04782561926483912
634 0.6486475117064817 0.499999999999538 0.04782561926485294
635 0.6486475117068391 0.6486475117060422 0.04782561926486684
636 0.6486475117071517 0.7788130013231453 0.04782561926487894
637 0.6486475117073953 0.8801897728230823 0.04782561926488842
638 0.6486475117075685 0.9521743807350171 0.04782561926489512
639 0.4999999999984608 0.04782561926484545 0.04782561926485294
640 0.499999999998749 0.1198102271765305 0.04782561926485298
641 0.4999999999991545 0.2211869986764156 0.04782561926485294
642 0.499999999999675 0.3513524882935517 0.04782561926485297
643 0.5000000000002698 0.5000000000001641 0.04782561926485297
644 0.5000000000008648 0.6486475117064179 0.04782561926485297
645 0.5000000000013858 0.7788130013232821 0.047825619264853
646 0.5000000000017909 0.880189772823065 0.04782561926485297
647 0.5000000000020791 0.9521743807350114 0.047825619264853
648 0.3513524882923035 0.04782561926488987 0.04782561926489513
649 0.3513524882925142 0.1198102271766572 0.04782561926488842
650 0.3513524882928115 0.2211869986766892 0.04782561926487894
651 0.3513524882931933 0.3513524882940108 0.04782561926486685
652 0.3513524882936292 0.5000000000007903 0.04782561926485294
653 0.351352488294065 0.6486475117067945 0.04782561926483909
654 0.351352488294447 0.7788130013234202 0.04782561926482697
655 0.3513524882947441 0.8801897728230481 0.04782561926481754
656 0.3513524882949552 0.952174380735006 0.04782561926481083
657 0.2211869986756716 0.0478256192649287 0.047825619264932
658 0.2211869986757974 0.1198102271767681 0.04782561926491944
659 0.2211869986759747 0.2211869986769288 0.04782561926490171
660 0.2211869986762021 0.3513524882944126 0.04782561926487895
661 0.2211869986764618 0.5000000000013389 0.04782561926485294
662 0.2211869986767217 0.6486475117071235 0.04782561926482699
663 0.2211869986769492 0.7788130013235406 0.04782561926480425
664 0.2211869986771264 0.8801897728230326 0.04782561926478651
665 0.2211869986772522 0.9521743807350005 0.04782561926477392
666 0.1198102271761859 0.04782561926495899 0.04782561926496079
667 0.1198102271762441 0.1198102271768546 0.04782561926494362
668 0.1198102271763262 0.2211869986771153 0.04782561926491943
669 0.1198102271764315 0.3513524882947255 0.04782561926488839
670 0.1198102271765519 0.5000000000017657 0.04782561926485297
671 0.1198102271766722 0.6486475117073802 0.04782561926481754
672 0.1198102271767776 0.7788130013236341 0.04782561926478651
673 0.1198102271768596 0.8801897728230217 0.04782561926476233
674 0.1198102271769179 0.9521743807349966 0.04782561926474516
675 0.04782561926472473 0.04782561926498046 0.04782561926498118
676 0.04782561926474517 0.1198102271769158 0.04782561926496076
677 0.04782561926477392 0.2211869986772478 0.04782561926493202
678 0.04782561926481083 0.351352488294948 0.04782561926489512
679 0.04782561926485297 0.5000000000020687 0.04782561926485297
680 0.04782561926489513 0.6486475117075619 0.04782561926481083
681 0.04782561926493205 0.7788130013237007 0.04782561926477392
682 0.04782561926496076 0.8801897728230129 0.04782561926474515
683 0.0478256192649812 0.9521743807349942 0.04782561926472477
684 0.952174380735024 0.04782561926470942 0.1198102271761859
685 0.9521743807350221 0.119810227176142 0.1198102271762441
686 0.952174380735019 0.221186998675577 0.1198102271763262
687 0.952174380735015 0.3513524882921443 0.1198102271764315
688 0.9521743807350103 0.4999999999982442 0.1198102271765519
689 0.9521743807350056 0.6486475117052651 0.1198102271766722
690 0.9521743807350019 0.7788130013228609 0.1198102271767776
691 0.9521743807349993 0.8801897728231174 0.1198102271768596
692 0.9521743807349967 0.9521743807350289 0.119810227176918
693 0.880189772823104 0.04782561926472931 0.1198102271762441
694 0.8801897728230972 0.1198102271761987 0.1198102271762931
695 0.8801897728230881 0.2211869986756995 0.1198102271763621
696 0.8801897728230761 0.35135248829235 0.1198102271764507
697 0.8801897728230621 0.4999999999985243 0.1198102271765519
698 0.8801897728230487 0.6486475117054334 0.119810227176653
699 0.8801897728230361 0.7788130013229229 0.1198102271767416
700 0.8801897728230268 0.8801897728231096 0.1198102271768106
701 0.8801897728230205 0.9521743807350265 0.1198102271768596
702 0.7788130013229718 0.04782561926475723 0.1198102271763262
703 0.7788130013230252 0.1198102271762786 0.1198102271763621
704 0.7788130013231004 0.2211869986758719 0.1198102271764127
705 0.7788130013231961 0.3513524882926391 0.1198102271764776
706 0.7788130013233057 0.499999999998919 0.1198102271765519
707 0.7788130013234156 0.6486475117056706 0.1198102271766261
708 0.7788130013235121 0.7788130013230095 0.1198102271766911
709 0.7788130013235866 0.8801897728230992 0.1198102271767417
710 0.7788130013236398 0.9521743807350229 0.1198102271767776
711 0.648647511705568 0.04782561926479317 0.1198102271764316
712 0.6486475117057137 0.1198102271763812 0.1198102271764508
713 0.6486475117059186 0.2211869986760932 0.1198102271764777
714 0.6486475117061812 0.3513524882930106 0.1198102271765123
715 0.6486475117064817 0.4999999999994261 0.1198102271765519
716 0.648647511706782 0.6486475117059752 0.1198102271765915
717 0.6486475117070452 0.7788130013231209 0.1198102271766261
718 0.6486475117072497 0.8801897728230853 0.1198102271766531
719 0.6486475117073954 0.9521743807350183 0.1198102271766722
720 0.4999999999987489 0.0478256192648342 0.1198102271765519
721 0.4999999999989911 0.1198102271764983 0.119810227176552
722 0.4999999999993319 0.2211869986763461 0.1198102271765519
723 0.4999999999997701 0.3513524882934351 0.1198102271765519
724 0.5000000000002701 0.500000000000005 0.1198102271765519
725 0.5000000000007701 0.6486475117063225 0.1198102271765519
726 0.5000000000012079 0.7788130013232479 0.1198102271765519
727 0.500000000001549 0.8801897728230692 0.1198102271765519
728 0.5000000000017912 0.9521743807350129 0.1198102271765519
729 0.3513524882925142 0.04782561926487519 0.1198102271766722
730 0.3513524882926915 0.1198102271766154 0.1198102271766531
731 0.3513524882929416 0.2211869986765989 0.1198102271766261
732 0.3513524882932626 0.3513524882938592 0.1198102271765914
733 0.3513524882936293 0.5000000000005839 0.1198102271765518
734 0.3513524882939957 0.6486475117066702 0.1198102271765124
735 0.3513524882943166 0.7788130013233749 0.1198102271764777
736 0.3513524882945666 0.8801897728230534 0.1198102271764508
737 0.3513524882947441 0.952174380735008 0.1198102271764316
738 0.2211869986757974 0.04782561926491115 0.1198102271767776
739 0.2211869986759032 0.1198102271767179 0.1198102271767417
740 0.2211869986760522 0.2211869986768203 0.119810227176691
741 0.2211869986762434 0.3513524882942309 0.119810227176626
742 0.2211869986764619 0.5000000000010908 0.1198102271765519
743 0.2211869986766802 0.6486475117069744 0.1198102271764777
744 0.2211869986768716 0.7788130013234855 0.1198102271764128
745 0.2211869986770205 0.8801897728230395 0.1198102271763622
746 0.2211869986771263 0.9521743807350028 0.1198102271763261
747 0.1198102271762441 0.04782561926493911 0.1198102271768597
748 0.1198102271762932 0.1198102271767978 0.1198102271768106
749 0.1198102271763622 0.2211869986769929 0.1198102271767417
750 0.1198102271764507 0.3513524882945203 0.119810227176653
751 0.1198102271765519 0.5000000000014853 0.1198102271765519
752 0.119810227176653 0.648647511707212 0.1198102271764508
753 0.1198102271767416 0.7788130013235726 0.1198102271763622
754 0.1198102271768106 0.8801897728230291 0.1198102271762931
755 0.1198102271768596 0.9521743807349994 0.1198102271762441
756 0.04782561926474516 0.04782561926495899 0.1198102271769179
757 0.04782561926476234 0.1198102271768545 0.1198102271768596
758 0.04782561926478652 0.2211869986771153 0.1198102271767776
759 0.04782561926481755 0.3513524882947257 0.1198102271766721
760 0.04782561926485297 0.5000000000017658 0.1198102271765519
761 0.0478256192648884 0.6486475117073803 0.1198102271764316
762 0.04782561926491943 0.7788130013236343 0.1198102271763263
763 0.04782561926494362 0.880189772823021 0.1198102271762442
764 0.04782561926496076 0.9521743807349969 0.1198102271761858
765 0.9521743807350204 0.04782561926470792 0.2211869986756717
766 0.9521743807350189 0.1198102271761377 0.2211869986757976
767 0.9521743807350165 0.2211869986755675 0.2211869986759745
768 0.9521743807350139 0.3513524882921285 0.2211869986762021
769 0.9521743807350106 0.4999999999982227 0.221186998676462
770 0.9521743807350068 0.6486475117052524 0.2211869986767217
771 0.952174380735004 0.7788130013228568 0.2211869986769492
772 0.9521743807350014 0.8801897728231178 0.2211869986771265
773 0.952174380735 0.9521743807350294 0.2211869986772523
774 0.8801897728230927 0.04782561926472548 0.2211869986757974
775 0.8801897728230881 0.1198102271761879 0.2211869986759032
776 0.880189772823081 0.2211869986756759 0.2211869986760522
777 0.8801897728230724 0.3513524882923106 0.2211869986762433
778 0.880189772823062 0.4999999999984704 0.221186998676462
779 0.8801897728230526 0.6486475117054012 0.2211869986766803
780 0.880189772823043 0.7788130013229106 0.2211869986768717
781 0.8801897728230367 0.8801897728231114 0.2211869986770206
782 0.8801897728230317 0.9521743807350269 0.2211869986771265
783 0.7788130013230611 0.04782561926475021 0.2211869986759745
784 0.7788130013230999 0.1198102271762585 0.2211869986760523
785 0.7788130013231555 0.2211869986758286 0.2211869986761614
786 0.7788130013232253 0.3513524882925663 0.2211869986763016
787 0.7788130013233057 0.4999999999988198 0.221186998676462
788 0.7788130013233864 0.6486475117056111 0.2211869986766221
789 0.7788130013234567 0.7788130013229878 0.2211869986767624
790 0.7788130013235118 0.8801897728231017 0.2211869986768716
791 0.7788130013235506 0.9521743807350238 0.2211869986769492
792 0.6486475117058118 0.04782561926478199 0.2211869986762022
793 0.6486475117059186 0.1198102271763493 0.2211869986762436
794 0.648647511706069 0.2211869986760244 0.2211869986763017
795 0.6486475117062614 0.3513524882928952 0.2211869986763766
796 0.6486475117064816 0.4999999999992683 0.221186998676462
797 0.648647511706702 0.6486475117058805 0.2211869986765474
798 0.6486475117068952 0.7788130013230863 0.221186998676622
799 0.6486475117070452 0.8801897728230896 0.2211869986766803
800 0.648647511707152 0.9521743807350194 0.2211869986767218
801 0.4999999999991542 0.04782561926481828 0.2211869986764619
802 0.4999999999993319 0.1198102271764529 0.2211869986764619
803 0.4999999999995821 0.2211869986762481 0.2211869986764619
804 0.4999999999999029 0.3513524882932706 0.2211869986764618
805 0.5000000000002699 0.4999999999997807 0.2211869986764619
806 0.5000000000006368 0.6486475117061881 0.2211869986764619
807 0.500000000000958 0.7788130013231984 0.2211869986764619
808 0.500000000001208 0.8801897728230759 0.2211869986764619
809 0.5000000000013856 0.9521743807350149 0.2211869986764619
810 0.3513524882928116 0.0478256192648546 0.2211869986767217
811 0.3513524882929417 0.1198102271765565 0.2211869986766803
812 0.3513524882931251 0.2211869986764719 0.2211869986766221
813 0.3513524882933603 0.351352488293646 0.2211869986765472
814 0.3513524882936291 0.5000000000002931 0.2211869986764619
815 0.351352488293898 0.6486475117064953 0.2211869986763766
816 0.3513524882941333 0.7788130013233111 0.2211869986763018
817 0.3513524882943166 0.8801897728230617 0.2211869986762434
818 0.3513524882944468 0.9521743807350103 0.2211869986762022
819 0.2211869986759746 0.04782561926488638 0.2211869986769491
820 0.2211869986760522 0.1198102271766473 0.2211869986768716
821 0.2211869986761614 0.2211869986766677 0.2211869986767623
822 0.2211869986763017 0.3513524882939748 0.2211869986766221
823 0.2211869986764618 0.5000000000007416 0.2211869986764619
824 0.2211869986766221 0.6486475117067654 0.2211869986763018
825 0.2211869986767624 0.7788130013234096 0.2211869986761614
826 0.2211869986768717 0.8801897728230491 0.2211869986760521
827 0.2211869986769492 0.9521743807350065 0.2211869986759746
828 0.1198102271763262 0.04782561926491113 0.2211869986771264
829 0.1198102271763622 0.119810227176718 0.2211869986770206
830 0.1198102271764128 0.2211869986768205 0.2211869986768716
831 0.1198102271764777 0.3513524882942307 0.2211869986766803
832 0.1198102271765519 0.5000000000010909 0.221186998676462
833 0.1198102271766261 0.6486475117069747 0.2211869986762434
834 0.1198102271766911 0.7788130013234862 0.2211869986760522
835 0.1198102271767416 0.8801897728230397 0.2211869986759031
836 0.1198102271767776 0.9521743807350029 0.2211869986757974
837 0.04782561926477389 0.0478256192649287 0.2211869986772522
838 0.04782561926478651 0.1198102271767681 0.2211869986771264
839 0.0478256192648042 0.2211869986769287 0.2211869986769492
840 0.04782561926482698 0.3513524882944126 0.2211869986767217
841 0.04782561926485297 0.5000000000013385 0.2211869986764619
842 0.04782561926487897 0.6486475117071238 0.2211869986762021
843 0.04782561926490174 0.7788130013235405 0.2211869986759747
844 0.04782561926491943 0.880189772823033 0.2211869986757974
845 0.04782561926493202 0.9521743807350006 0.2211869986756716
846 0.9521743807350157 0.04782561926470597 0.3513524882923031
847 0.9521743807350151 0.1198102271761321 0.3513524882925141
848 0.9521743807350135 0.2211869986755556 0.3513524882928115
849 0.9521743807350123 0.3513524882921083 0.3513524882931932
850 0.9521743807350104 0.4999999999981953 0.3513524882936291
851 0.9521743807350086 0.6486475117052359 0.3513524882940652
852 0.9521743807350069 0.7788130013228505 0.3513524882944472
853 0.9521743807350056 0.8801897728231188 0.3513524882947442
854 0.9521743807350047 0.9521743807350297 0.3513524882949554
855 0.8801897728230786 0.04782561926472059 0.3513524882925145
856 0.8801897728230761 0.1198102271761739 0.3513524882926917
857 0.8801897728230724 0.2211869986756459 0.3513524882929419
858 0.8801897728230673 0.3513524882922598 0.3513524882932627
859 0.8801897728230624 0.4999999999984019 0.3513524882936293
860 0.8801897728230568 0.6486475117053596 0.3513524882939957
861 0.8801897728230521 0.7788130013228957 0.3513524882943169
862 0.8801897728230483 0.8801897728231131 0.3513524882945669
863 0.8801897728230459 0.9521743807350271 0.3513524882947443
864 0.778813001323175 0.04782561926474121 0.3513524882928115
865 0.7788130013231961 0.1198102271762328 0.3513524882929415
866 0.778813001323226 0.2211869986757728 0.3513524882931252
867 0.7788130013232635 0.3513524882924731 0.3513524882933605
868 0.7788130013233056 0.4999999999986927 0.3513524882936289
869 0.7788130013233491 0.6486475117055349 0.351352488293898
870 0.778813001323386 0.7788130013229597 0.3513524882941334
871 0.7788130013234156 0.8801897728231054 0.3513524882943168
872 0.7788130013234362 0.9521743807350247 0.3513524882944469
873 0.6486475117061247 0.04782561926476766 0.3513524882931931
874 0.6486475117061812 0.1198102271763083 0.3513524882932624
875 0.6486475117062614 0.221186998675936 0.3513524882933604
876 0.6486475117063644 0.3513524882927469 0.3513524882934858
877 0.6486475117064817 0.4999999999990662 0.3513524882936291
878 0.6486475117065993 0.6486475117057586 0.3513524882937725
879 0.648647511706702 0.7788130013230419 0.3513524882938982
880 0.6486475117067823 0.8801897728230953 0.3513524882939958
881 0.6486475117068393 0.9521743807350214 0.3513524882940652
882 0.499999999999675 0.04782561926479789 0.3513524882936292
883 0.49999999999977 0.1198102271763946 0.3513524882936291
884 0.4999999999999031 0.2211869986761223 0.3513524882936292
885 0.5000000000000743 0.3513524882930594 0.3513524882936293
886 0.5000000000002701 0.4999999999994927 0.3513524882936291
887 0.5000000000004654 0.6486475117060146 0.3513524882936291
888 0.5000000000006365 0.7788130013231349 0.3513524882936294
889 0.5000000000007703 0.8801897728230832 0.3513524882936292
890 0.5000000000008645 0.9521743807350174 0.3513524882936294
891 0.3513524882931935 0.04782561926482813 0.3513524882940652
892 0.3513524882932627 0.1198102271764809 0.3513524882939958
893 0.3513524882933604 0.2211869986763087 0.3513524882938981
894 0.3513524882934859 0.3513524882933723 0.3513524882937725
895 0.351352488293629 0.4999999999999192 0.3513524882936291
896 0.3513524882937724 0.6486475117062713 0.3513524882934858
897 0.351352488293898 0.7788130013232288 0.3513524882933604
898 0.3513524882939957 0.8801897728230716 0.3513524882932628
899 0.3513524882940651 0.9521743807350136 0.3513524882931934
900 0.2211869986762021 0.0478256192648546 0.3513524882944469
901 0.2211869986762434 0.1198102271765565 0.3513524882943167
902 0.2211869986763016 0.2211869986764719 0.3513524882941336
903 0.2211869986763764 0.351352488293646 0.351352488293898
904 0.221186998676462 0.5000000000002931 0.3513524882936294
905 0.2211869986765473 0.6486475117064954 0.3513524882933604
906 0.221186998676622 0.778813001323311 0.3513524882931251
907 0.2211869986766802 0.880189772823061 0.3513524882929417
908 0.2211869986767217 0.9521743807350104 0.3513524882928117
909 0.1198102271764316 0.0478256192648752 0.3513524882947441
910 0.1198102271764507 0.1198102271766154 0.3513524882945667
911 0.1198102271764777 0.2211869986765989 0.3513524882943166
912 0.1198102271765123 0.3513524882938593 0.3513524882939957
913 0.1198102271765518 0.5000000000005839 0.3513524882936293
914 0.1198102271765914 0.6486475117066701 0.3513524882932628
915 0.1198102271766261 0.7788130013233749 0.3513524882929416
916 0.119810227176653 0.8801897728230537 0.3513524882926918
917 0.1198102271766722 0.9521743807350077 0.3513524882925142
918 0.04782561926481082 0.04782561926488985 0.3513524882949554
919 0.04782561926481752 0.1198102271766571 0.3513524882947444
920 0.04782561926482698 0.2211869986766892 0.3513524882944468
921 0.0478256192648391 0.3513524882940108 0.3513524882940653
922 0.04782561926485297 0.5000000000007905 0.3513524882936294
923 0.04782561926486682 0.6486475117067946 0.3513524882931933
924 0.04782561926487898 0.7788130013234202 0.3513524882928118
925 0.0478256192648884 0.8801897728230478 0.3513524882925141
926 0.04782561926489513 0.952174380735006 0.3513524882923031
927 0.9521743807350103 0.04782561926470375 0.4999999999984608
928 0.9521743807350107 0.1198102271761258 0.4999999999987488
929 0.9521743807350103 0.2211869986755418 0.4999999999991545
930 0.9521743807350104 0.3513524882920854 0.4999999999996753
931 0.9521743807350103 0.4999999999981636 0.5000000000002697
932 0.9521743807350107 0.6486475117052166 0.500000000000865
933 0.9521743807350107 0.778813001322844 0.5000000000013856
934 0.9521743807350104 0.8801897728231193 0.5000000000017909
935 0.9521743807350103 0.9521743807350295 0.5000000000020789
936 0.880189772823062 0.047825619264715 0.4999999999987488
937 0.880189772823062 0.119810227176158 0.4999999999989908
938 0.880189772823062 0.2211869986756115 0.4999999999993321
939 0.8801897728230621 0.3513524882922021 0.4999999999997697
940 0.880189772823062 0.499999999998323 0.5000000000002697
941 0.8801897728230621 0.6486475117053129 0.5000000000007701
942 0.8801897728230621 0.7788130013228782 0.5000000000012079
943 0.8801897728230621 0.8801897728231154 0.5000000000015491
944 0.8801897728230621 0.9521743807350281 0.5000000000017913
945 0.7788130013233057 0.04782561926473089 0.4999999999991541
946 0.7788130013233057 0.1198102271762033 0.499999999999332
947 0.7788130013233061 0.2211869986757093 0.499999999999582
948 0.778813001323306 0.3513524882923664 0.499999999999903
949 0.7788130013233057 0.4999999999985472 0.5000000000002701
950 0.7788130013233056 0.6486475117054471 0.5000000000006365
951 0.7788130013233057 0.7788130013229279 0.5000000000009576
952 0.7788130013233061 0.8801897728231094 0.5000000000012078
953 0.7788130013233057 0.9521743807350265 0.5000000000013857
954 0.6486475117064817 0.04782561926475129 0.4999999999996752
955 0.6486475117064817 0.1198102271762616 0.49999999999977
956 0.6486475117064818 0.2211869986758351 0.4999999999999031
957 0.6486475117064818 0.3513524882925773 0.5000000000000744
958 0.6486475117064818 0.4999999999988354 0.5000000000002697
959 0.6486475117064818 0.6486475117056204 0.5000000000004654
960 0.6486475117064818 0.7788130013229908 0.5000000000006366
961 0.6486475117064818 0.8801897728231014 0.5000000000007701
962 0.6486475117064818 0.9521743807350236 0.5000000000008646
963 0.5000000000002701 0.04782561926477459 0.5000000000002701
964 0.5000000000002701 0.1198102271763282 0.50000000000027
965 0.5000000000002701 0.2211869986759787 0.50000000000027
966 0.5000000000002701 0.3513524882928186 0.5000000000002702
967 0.5000000000002701 0.4999999999991638 0.50000000000027
968 0.5000000000002702 0.6486475117058176 0.5000000000002701
969 0.50000000000027 0.7788130013230632 0.5000000000002696
970 0.50000000000027 0.8801897728230926 0.5000000000002696
971 0.50000000000027 0.9521743807350201 0.50000000000027
972 0.3513524882936293 0.04782561926479792 0.5000000000008645
973 0.3513524882936293 0.1198102271763946 0.5000000000007701
974 0.3513524882936293 0.2211869986761223 0.5000000000006365
975 0.3513524882936291 0.3513524882930596 0.5000000000004654
976 0.3513524882936291 0.4999999999994926 0.5000000000002701
977 0.351352488293629 0.648647511706015 0.5000000000000744
978 0.3513524882936293 0.7788130013231358 0.4999999999999032
979 0.351352488293629 0.8801897728230832 0.4999999999997697
980 0.3513524882936293 0.9521743807350176 0.4999999999996754
981 0.2211869986764619 0.04782561926481831 0.5000000000013857
982 0.2211869986764619 0.1198102271764529 0.5000000000012079
983 0.2211869986764619 0.2211869986762481 0.5000000000009576
984 0.2211869986764618 0.3513524882932706 0.5000000000006366
985 0.2211869986764618 0.4999999999997807 0.5000000000002701
986 0.2211869986764619 0.6486475117061878 0.4999999999999031
987 0.2211869986764619 0.7788130013231986 0.4999999999995818
988 0.2211869986764618 0.8801897728230753 0.4999999999993318
989 0.2211869986764619 0.9521743807350149 0.4999999999991543
990 0.1198102271765519 0.0478256192648342 0.500000000001791
991 0.1198102271765519 0.1198102271764983 0.5000000000015487
992 0.1198102271765519 0.2211869986763462 0.500000000001208
993 0.1198102271765519 0.351352488293435 0.5000000000007701
994 0.1198102271765519 0.500000000000005 0.50000000000027
995 0.1198102271765519 0.6486475117063227 0.4999999999997697
996 0.1198102271765519 0.7788130013232479 0.4999999999993318
997 0.1198102271765519 0.8801897728230694 0.4999999999989908
998 0.1198102271765519 0.952174380735013 0.4999999999987487
999 0.04782561926485297 0.04782561926484548 0.5000000000020789
1000 0.04782561926485297 0.1198102271765304 0.500000000001791
1001 0.04782561926485298 0.2211869986764156 0.5000000000013851
1002 0.04782561926485298 0.3513524882935518 0.5000000000008646
1003 0.04782561926485297 0.5000000000001641 0.5000000000002696
1004 0.04782561926485297 0.6486475117064181 0.4999999999996751
1005 0.04782561926485297 0.7788130013232828 0.4999999999991541
1006 0.04782561926485297 0.8801897728230649 0.4999999999987487
1007 0.04782561926485297 0.9521743807350114 0.4999999999984607
1008 0.9521743807350052 0.04782561926470148 0.6486475117053951
1009 0.952174380735006 0.1198102271761194 0.6486475117055683
1010 0.9521743807350069 0.2211869986755281 0.6486475117058121
1011 0.9521743807350086 0.3513524882920625 0.6486475117061248
1012 0.9521743807350103 0.4999999999981323 0.6486475117064822
1013 0.9521743807350125 0.6486475117051981 0.6486475117068392
1014 0.9521743807350137 0.7788130013228367 0.6486475117071523
1015 0.9521743807350151 0.8801897728231202 0.6486475117073958
1016 0.952174380735016 0.9521743807350296 0.6486475117075682
1017 0.8801897728230459 0.04782561926470942 0.6486475117055682
1018 0.8801897728230484 0.119810227176142 0.6486475117057132
1019 0.8801897728230522 0.2211869986755771 0.6486475117059185
1020 0.8801897728230572 0.3513524882921444 0.6486475117061813
1021 0.8801897728230621 0.4999999999982442 0.6486475117064817
1022 0.8801897728230672 0.6486475117052656 0.6486475117067824
1023 0.8801897728230721 0.7788130013228609 0.6486475117070457
1024 0.880189772823076 0.8801897728231176 0.6486475117072499
1025 0.8801897728230783 0.952174380735029 0.6486475117073952
1026 0.7788130013234367 0.04782561926472056 0.6486475117058124
1027 0.7788130013234157 0.119810227176174 0.6486475117059189
1028 0.7788130013233865 0.2211869986756458 0.648647511706069
1029 0.778813001323349 0.3513524882922597 0.648647511706262
1030 0.7788130013233057 0.4999999999984016 0.6486475117064818
1031 0.7788130013232628 0.6486475117053602 0.6486475117067021
1032 0.7788130013232255 0.7788130013228955 0.6486475117068957
1033 0.7788130013231961 0.8801897728231136 0.6486475117070456
1034 0.7788130013231751 0.9521743807350279 0.6486475117071522
1035 0.648647511706839 0.04782561926473493 0.6486475117061243
1036 0.6486475117067824 0.1198102271762149 0.6486475117061814
1037 0.648647511706702 0.2211869986757341 0.6486475117062619
1038 0.6486475117065993 0.351352488292408 0.6486475117063641
1039 0.648647511706482 0.4999999999986042 0.6486475117064823
1040 0.6486475117063645 0.6486475117054814 0.6486475117065992
1041 0.6486475117062616 0.7788130013229397 0.6486475117067022
1042 0.6486475117061814 0.8801897728231077 0.6486475117067825
1043 0.6486475117061249 0.9521743807350257 0.6486475117068391
1044 0.5000000000008648 0.04782561926475129 0.6486475117064817
1045 0.5000000000007701 0.1198102271762616 0.6486475117064824
1046 0.5000000000006368 0.2211869986758351 0.6486475117064822
1047 0.5000000000004654 0.3513524882925773 0.6486475117064822
1048 0.5000000000002701 0.4999999999988348 0.6486475117064818
1049 0.5000000000000748 0.6486475117056205 0.6486475117064823
1050 0.4999999999999034 0.7788130013229904 0.6486475117064824
1051 0.49999999999977 0.8801897728231013 0.6486475117064818
1052 0.4999999999996753 0.9521743807350237 0.6486475117064818
1053 0.3513524882940652 0.04782561926476767 0.6486475117068387
1054 0.3513524882939957 0.1198102271763084 0.6486475117067818
1055 0.351352488293898 0.2211869986759361 0.648647511706702
1056 0.3513524882937724 0.3513524882927468 0.6486475117065993
1057 0.351352488293629 0.4999999999990662 0.6486475117064818
1058 0.3513524882934858 0.648647511705759 0.6486475117063643
1059 0.3513524882933603 0.7788130013230419 0.6486475117062619
1060 0.3513524882932626 0.8801897728230953 0.6486475117061812
1061 0.3513524882931933 0.9521743807350215 0.6486475117061244
1062 0.2211869986767217 0.04782561926478199 0.6486475117071517
1063 0.2211869986766803 0.1198102271763493 0.6486475117070453
1064 0.2211869986766221 0.2211869986760244 0.6486475117068953
1065 0.2211869986765473 0.3513524882928952 0.6486475117067025
1066 0.2211869986764619 0.4999999999992683 0.6486475117064823
1067 0.2211869986763765 0.6486475117058805 0.6486475117062613
1068 0.2211869986763017 0.7788130013230863 0.6486475117060689
1069 0.2211869986762435 0.8801897728230892 0.6486475117059188
1070 0.2211869986762022 0.9521743807350196 0.6486475117058118
1071 0.1198102271766722 0.04782561926479317 0.6486475117073952
1072 0.1198102271766531 0.1198102271763811 0.6486475117072499
1073 0.1198102271766261 0.2211869986760932 0.6486475117070452
1074 0.1198102271765915 0.3513524882930107 0.6486475117067818
1075 0.1198102271765519 0.4999999999994261 0.6486475117064823
1076 0.1198102271765124 0.6486475117059751 0.6486475117061812
1077 0.1198102271764777 0.7788130013231209 0.6486475117059189
1078 0.1198102271764507 0.880189772823085 0.6486475117057138
1079 0.1198102271764316 0.952174380735018 0.6486475117055683
1080 0.04782561926489511 0.04782561926480111 0.6486475117075685
1081 0.04782561926488839 0.1198102271764038 0.6486475117073958
1082 0.04782561926487897 0.2211869986761423 0.6486475117071516
1083 0.04782561926486681 0.3513524882930926 0.6486475117068392
1084 0.04782561926485297 0.499999999999538 0.6486475117064818
1085 0.04782561926483912 0.6486475117060423 0.6486475117061243
1086 0.04782561926482698 0.7788130013231453 0.6486475117058125
1087 0.04782561926481755 0.8801897728230821 0.6486475117055683
1088 0.04782561926481083 0.9521743807350171 0.6486475117053958
1089 0.9521743807350003 0.04782561926469953 0.7788130013229089
1090 0.9521743807350015 0.1198102271761138 0.7788130013229722
1091 0.9521743807350044 0.2211869986755161 0.7788130013230606
1092 0.9521743807350069 0.3513524882920421 0.7788130013231755
1093 0.9521743807350103 0.4999999999981047 0.7788130013233061
1094 0.9521743807350136 0.6486475117051815 0.7788130013234367
1095 0.9521743807350169 0.7788130013228305 0.7788130013235506
1096 0.9521743807350191 0.8801897728231213 0.7788130013236401
1097 0.9521743807350201 0.9521743807350305 0.778813001323703
1098 0.8801897728230317 0.04782561926470455 0.778813001322972
1099 0.8801897728230368 0.1198102271761281 0.7788130013230258
1100 0.8801897728230434 0.2211869986755468 0.7788130013231004
1101 0.8801897728230521 0.3513524882920936 0.7788130013231961
1102 0.880189772823062 0.499999999998175 0.7788130013233057
1103 0.8801897728230725 0.6486475117052239 0.7788130013234157
1104 0.8801897728230805 0.7788130013228459 0.7788130013235117
1105 0.8801897728230879 0.8801897728231193 0.7788130013235867
1106 0.880189772823093 0.9521743807350295 0.7788130013236402
1107 0.7788130013235506 0.04782561926471156 0.7788130013230617
1108 0.7788130013235113 0.1198102271761481 0.7788130013231003
1109 0.7788130013234571 0.2211869986755902 0.7788130013231552
1110 0.7788130013233859 0.3513524882921664 0.7788130013232253
1111 0.7788130013233057 0.4999999999982744 0.7788130013233056
1112 0.7788130013232251 0.6486475117052835 0.7788130013233863
1113 0.7788130013231547 0.7788130013228676 0.7788130013234567
1114 0.7788130013230998 0.8801897728231166 0.7788130013235117
1115 0.7788130013230612 0.9521743807350285 0.7788130013235501
1116 0.6486475117071517 0.04782561926472056 0.7788130013231757
1117 0.648647511707045 0.119810227176174 0.7788130013231961
1118 0.6486475117068949 0.2211869986756457 0.7788130013232255
1119 0.6486475117067021 0.3513524882922597 0.7788130013232628
1120 0.6486475117064818 0.4999999999984016 0.7788130013233057
1121 0.6486475117062618 0.6486475117053598 0.7788130013233489
1122 0.6486475117060688 0.7788130013228955 0.7788130013233864
1123 0.6486475117059183 0.8801897728231135 0.7788130013234157
1124 0.6486475117058119 0.9521743807350276 0.7788130013234362
1125 0.5000000000013857 0.04782561926473089 0.778813001323306
1126 0.5000000000012079 0.1198102271762033 0.7788130013233061
1127 0.5000000000009578 0.2211869986757093 0.7788130013233061
1128 0.5000000000006365 0.3513524882923665 0.7788130013233057
1129 0.50000000000027 0.4999999999985473 0.7788130013233057
1130 0.4999999999999032 0.6486475117054473 0.7788130013233061
1131 0.4999999999995821 0.7788130013229275 0.7788130013233061
1132 0.4999999999993319 0.8801897728231095 0.7788130013233061
1133 0.4999999999991545 0.9521743807350259 0.7788130013233057
1134 0.3513524882944468 0.04782561926474121 0.7788130013234368
1135 0.3513524882943168 0.1198102271762328 0.7788130013234154
1136 0.3513524882941336 0.2211869986757729 0.7788130013233864
1137 0.3513524882938981 0.3513524882924731 0.7788130013233487
1138 0.3513524882936293 0.4999999999986925 0.7788130013233058
1139 0.3513524882933605 0.6486475117055346 0.778813001323263
1140 0.3513524882931252 0.7788130013229595 0.7788130013232248
1141 0.3513524882929416 0.8801897728231054 0.778813001323196
1142 0.3513524882928116 0.9521743807350251 0.7788130013231751
1143 0.2211869986769492 0.04782561926475021 0.7788130013235506
1144 0.2211869986768716 0.1198102271762586 0.7788130013235117
1145 0.2211869986767623 0.2211869986758286 0.7788130013234567
1146 0.221186998676622 0.3513524882925664 0.7788130013233865
1147 0.2211869986764618 0.4999999999988198 0.7788130013233061
1148 0.2211869986763016 0.6486475117056111 0.7788130013232248
1149 0.2211869986761615 0.7788130013229876 0.7788130013231551
1150 0.2211869986760522 0.8801897728231014 0.7788130013231003
1151 0.2211869986759745 0.9521743807350234 0.778813001323061
1152 0.1198102271767776 0.04782561926475726 0.7788130013236401
1153 0.1198102271767416 0.1198102271762786 0.7788130013235861
1154 0.119810227176691 0.2211869986758719 0.7788130013235119
1155 0.1198102271766261 0.3513524882926393 0.7788130013234157
1156 0.1198102271765519 0.4999999999989191 0.7788130013233061
1157 0.1198102271764777 0.6486475117056707 0.7788130013231965
1158 0.1198102271764127 0.7788130013230095 0.7788130013230998
1159 0.1198102271763622 0.8801897728230994 0.778813001323025
1160 0.1198102271763262 0.9521743807350226 0.7788130013229722
1161 0.04782561926493202 0.04782561926476223 0.778813001323703
1162 0.04782561926491943 0.1198102271762929 0.7788130013236402
1163 0.04782561926490174 0.2211869986759026 0.7788130013235506
1164 0.04782561926487895 0.3513524882926908 0.7788130013234363
1165 0.04782561926485297 0.4999999999989894 0.7788130013233061
1166 0.04782561926482698 0.6486475117057129 0.7788130013231755
1167 0.04782561926480421 0.778813001323025 0.7788130013230607
1168 0.04782561926478651 0.8801897728230971 0.7788130013229722
1169 0.04782561926477388 0.952174380735022 0.7788130013229089
1170 0.9521743807349966 0.04782561926469801 0.8801897728231111
1171 0.9521743807349993 0.1198102271761095 0.8801897728231034
1172 0.9521743807350018 0.2211869986755068 0.8801897728230922
1173 0.9521743807350059 0.3513524882920264 0.8801897728230782
1174 0.9521743807350104 0.4999999999980833 0.8801897728230615
1175 0.9521743807350151 0.6486475117051683 0.8801897728230459
1176 0.9521743807350191 0.778813001322826 0.880189772823032
1177 0.9521743807350223 0.8801897728231219 0.8801897728230206
1178 0.9521743807350245 0.9521743807350302 0.880189772823013
1179 0.8801897728230205 0.04782561926470069 0.8801897728231035
1180 0.8801897728230268 0.1198102271761172 0.8801897728230967
1181 0.8801897728230361 0.2211869986755234 0.8801897728230883
1182 0.8801897728230486 0.3513524882920545 0.8801897728230759
1183 0.8801897728230621 0.4999999999981213 0.880189772823062
1184 0.8801897728230759 0.6486475117051919 0.8801897728230486
1185 0.8801897728230874 0.7788130013228345 0.880189772823037
1186 0.8801897728230972 0.8801897728231209 0.8801897728230276
1187 0.8801897728231036 0.9521743807350299 0.880189772823021
1188 0.7788130013236401 0.04782561926470455 0.8801897728230927
1189 0.7788130013235866 0.119810227176128 0.880189772823088
1190 0.7788130013235124 0.2211869986755468 0.8801897728230811
1191 0.7788130013234152 0.3513524882920938 0.8801897728230725
1192 0.7788130013233061 0.4999999999981751 0.8801897728230628
1193 0.7788130013231961 0.6486475117052239 0.8801897728230526
1194 0.7788130013230998 0.7788130013228458 0.8801897728230437
1195 0.778813001323025 0.8801897728231197 0.8801897728230369
1196 0.7788130013229722 0.9521743807350294 0.8801897728230319
1197 0.6486475117073955 0.04782561926470942 0.8801897728230785
1198 0.6486475117072498 0.119810227176142 0.8801897728230759
1199 0.6486475117070452 0.2211869986755768 0.8801897728230724
1200 0.648647511706782 0.3513524882921443 0.8801897728230673
1201 0.6486475117064818 0.4999999999982442 0.8801897728230625
1202 0.6486475117061814 0.6486475117052656 0.8801897728230567
1203 0.6486475117059183 0.7788130013228609 0.8801897728230527
1204 0.6486475117057138 0.8801897728231176 0.880189772823049
1205 0.6486475117055681 0.952174380735029 0.8801897728230466
1206 0.5000000000017909 0.047825619264715 0.8801897728230619
1207 0.500000000001549 0.119810227176158 0.8801897728230624
1208 0.500000000001208 0.2211869986756113 0.8801897728230625
1209 0.5000000000007701 0.3513524882922019 0.880189772823062
1210 0.5000000000002701 0.499999999998323 0.880189772823062
1211 0.4999999999997701 0.6486475117053123 0.8801897728230621
1212 0.4999999999993321 0.7788130013228782 0.8801897728230621
1213 0.4999999999989911 0.8801897728231153 0.8801897728230621
1214 0.4999999999987488 0.9521743807350282 0.8801897728230622
1215 0.3513524882947441 0.04782561926472056 0.8801897728230458
1216 0.3513524882945667 0.1198102271761739 0.8801897728230484
1217 0.3513524882943166 0.2211869986756457 0.8801897728230523
1218 0.3513524882939957 0.3513524882922596 0.880189772823057
1219 0.3513524882936293 0.4999999999984018 0.8801897728230621
1220 0.3513524882932626 0.6486475117053602 0.8801897728230674
1221 0.3513524882929414 0.7788130013228955 0.8801897728230723
1222 0.3513524882926918 0.8801897728231131 0.8801897728230759
1223 0.3513524882925143 0.9521743807350279 0.8801897728230788
1224 0.2211869986771264 0.04782561926472545 0.8801897728230316
1225 0.2211869986770206 0.1198102271761879 0.8801897728230365
1226 0.2211869986768717 0.2211869986756759 0.880189772823043
1227 0.2211869986766803 0.3513524882923104 0.8801897728230519
1228 0.2211869986764619 0.4999999999984707 0.880189772823062
1229 0.2211869986762435 0.6486475117054012 0.8801897728230723
1230 0.2211869986760522 0.7788130013229106 0.880189772823081
1231 0.2211869986759032 0.8801897728231108 0.8801897728230879
1232 0.2211869986757974 0.9521743807350265 0.8801897728230929
1233 0.1198102271768596 0.04782561926472928 0.8801897728230205
1234 0.1198102271768106 0.1198102271761987 0.8801897728230271
1235 0.1198102271767416 0.2211869986756993 0.8801897728230366
1236 0.119810227176653 0.3513524882923499 0.880189772823049
1237 0.1198102271765519 0.4999999999985247 0.8801897728230619
1238 0.1198102271764507 0.6486475117054334 0.8801897728230759
1239 0.1198102271763622 0.7788130013229229 0.8801897728230879
1240 0.1198102271762931 0.88018977282311 0.8801897728230973
1241 0.1198102271762441 0.9521743807350262 0.8801897728231041
1242 0.04782561926496075 0.04782561926473199 0.8801897728230124
1243 0.04782561926494362 0.1198102271762064 0.8801897728230209
1244 0.04782561926491943 0.2211869986757161 0.880189772823032
1245 0.0478256192648884 0.3513524882923778 0.8801897728230463
1246 0.04782561926485297 0.4999999999985625 0.8801897728230621
1247 0.04782561926481755 0.6486475117054565 0.8801897728230783
1248 0.04782561926478651 0.7788130013229313 0.8801897728230929
1249 0.04782561926476232 0.8801897728231086 0.8801897728231035
1250 0.04782561926474518 0.952174380735026 0.8801897728231117
1251 0.9521743807349934 0.04782561926469692 0.9521743807350268
1252 0.9521743807349965 0.1198102271761064 0.9521743807350247
1253 0.9521743807350003 0.2211869986755001 0.9521743807350207
1254 0.9521743807350046 0.3513524882920154 0.9521743807350158
1255 0.9521743807350103 0.499999999998068 0.9521743807350105
1256 0.952174380735016 0.648647511705159 0.9521743807350059
1257 0.95217438073502 0.7788130013228228 0.9521743807350006
1258 0.9521743807350245 0.8801897728231223 0.9521743807349969
1259 0.9521743807350267 0.9521743807350305 0.9521743807349942
1260 0.8801897728230129 0.047825619264698 0.9521743807350243
1261 0.8801897728230206 0.1198102271761095 0.952174380735022
1262 0.8801897728230319 0.2211869986755067 0.952174380735019
1263 0.8801897728230457 0.3513524882920265 0.952174380735015
1264 0.8801897728230621 0.499999999998083 0.9521743807350106
1265 0.8801897728230788 0.648647511705169 0.9521743807350064
1266 0.8801897728230925 0.778813001322826 0.9521743807350023
1267 0.8801897728231036 0.8801897728231217 0.9521743807349994
1268 0.8801897728231112 0.9521743807350304 0.9521743807349964
1269 0.7788130013237029 0.04782561926469954 0.9521743807350207
1270 0.7788130013236396 0.1198102271761138 0.9521743807350188
1271 0.7788130013235505 0.221186998675516 0.9521743807350167
1272 0.7788130013234363 0.3513524882920421 0.952174380735014
1273 0.7788130013233057 0.4999999999981047 0.9521743807350106
1274 0.7788130013231751 0.648647511705182 0.9521743807350073
1275 0.7788130013230612 0.7788130013228303 0.9521743807350045
1276 0.7788130013229716 0.8801897728231215 0.9521743807350023
1277 0.7788130013229088 0.95217438073503 0.9521743807350003
1278 0.6486475117075685 0.04782561926470149 0.9521743807350157
1279 0.6486475117073957 0.1198102271761194 0.9521743807350155
1280 0.6486475117071517 0.221186998675528 0.9521743807350139
1281 0.6486475117068393 0.3513524882920623 0.9521743807350125
1282 0.648647511706482 0.4999999999981322 0.9521743807350102
1283 0.6486475117061247 0.6486475117051981 0.9521743807350088
1284 0.6486475117058119 0.7788130013228366 0.9521743807350069
1285 0.6486475117055686 0.8801897728231205 0.9521743807350062
1286 0.6486475117053954 0.9521743807350295 0.9521743807350048
1287 0.5000000000020789 0.04782561926470371 0.9521743807350105
1288 0.500000000001791 0.1198102271761258 0.9521743807350106
1289 0.5000000000013853 0.2211869986755418 0.9521743807350105
1290 0.5000000000008646 0.3513524882920854 0.9521743807350107
1291 0.50000000000027 0.4999999999981638 0.95217438073501
1292 0.4999999999996751 0.648647511705217 0.9521743807350109
1293 0.4999999999991545 0.7788130013228429 0.9521743807350105
1294 0.4999999999987491 0.8801897728231194 0.9521743807350106
1295 0.4999999999984608 0.9521743807350295 0.9521743807350106
1296 0.3513524882949555 0.04782561926470597 0.9521743807350056
1297 0.3513524882947443 0.1198102271761321 0.9521743807350062
1298 0.3513524882944468 0.2211869986755556 0.9521743807350076
1299 0.3513524882940653 0.3513524882921084 0.9521743807350087
1300 0.3513524882936293 0.4999999999981949 0.9521743807350104
1301 0.3513524882931933 0.6486475117052358 0.9521743807350123
1302 0.3513524882928116 0.7788130013228505 0.9521743807350138
1303 0.3513524882925143 0.8801897728231189 0.952174380735015
1304 0.3513524882923033 0.9521743807350292 0.9521743807350158
1305 0.2211869986772522 0.04782561926470789 0.9521743807350005
1306 0.2211869986771264 0.1198102271761377 0.9521743807350018
1307 0.2211869986769492 0.2211869986755675 0.9521743807350049
1308 0.2211869986767216 0.3513524882921285 0.9521743807350069
1309 0.2211869986764619 0.4999999999982225 0.9521743807350106
1310 0.2211869986762022 0.6486475117052523 0.9521743807350139
1311 0.2211869986759746 0.7788130013228568 0.9521743807350169
1312 0.2211869986757974 0.8801897728231182 0.9521743807350191
1313 0.2211869986756716 0.9521743807350286 0.9521743807350207
1314 0.1198102271769179 0.04782561926470942 0.9521743807349968
1315 0.1198102271768596 0.119810227176142 0.9521743807349992
1316 0.1198102271767776 0.221186998675577 0.9521743807350023
1317 0.1198102271766722 0.3513524882921444 0.9521743807350058
1318 0.1198102271765519 0.4999999999982441 0.9521743807350109
1319 0.1198102271764316 0.6486475117052651 0.952174380735015
1320 0.1198102271763262 0.7788130013228609 0.9521743807350194
1321 0.1198102271762441 0.8801897728231173 0.9521743807350221
1322 0.1198102271761859 0.9521743807350284 0.9521743807350243
1323 0.04782561926498118 0.04782561926471052 0.9521743807349941
1324 0.04782561926496076 0.1198102271761451 0.9521743807349969
1325 0.04782561926493202 0.2211869986755835 0.952174380735
1326 0.04782561926489513 0.3513524882921555 0.9521743807350049
1327 0.04782561926485297 0.4999999999982591 0.9521743807350105
1328 0.04782561926481083 0.648647511705274 0.9521743807350158
1329 0.04782561926477389 0.7788130013228646 0.9521743807350206
1330 0.04782561926474518 0.8801897728231172 0.9521743807350248
1331 0.04782561926472476 0.9521743807350286 0.9521743807350269