1 3 2 3 14 2 123 237 198
2 3 2 3 14 198 237 238 197
3 3 2 3 14 197 238 239 196
4 3 2 3 14 196 239 240 195
5 3 2 3 14 195 240 241 194
6 3 2 3 14 194 241 242 193
7 3 2 3 14 193 242 243 192
8 3 2 3 14 192 243 244 191
9 3 2 3 14 191 244 245 190
10 3 2 3 14 190 245 246 189
11 3 2 3 14 189 246 247 188
12 3 2 3 14 188 247 248 187
13 3 2 3 14 187 248 249 186
14 3 2 3 14 186 249 250 185
15 3 2 3 14 185 250 251 184
16 3 2 3 14 184 251 252 183
17 3 2 3 14 183 252 253 182
18 3 2 3 14 182 253 254 181
19 3 2 3 14 181 254 255 180
20 3 2 3 14 180 255 179 1
21 3 2 3 14 123 124 256 237
22 3 2 3 14 237 256 257 238
23 3 2 3 14 238 257 258 239
24 3 2 3 14 239 258 259 240
25 3 2 3 14 240 259 260 241
26 3 2 3 14 241 260 261 242
27 3 2 3 14 242 261 262 243
28 3 2 3 14 243 262 263 244
29 3 2 3 14 244 263 264 245
30 3 2 3 14 245 264 265 246
31 3 2 3 14 246 265 266 247
32 3 2 3 14 247 266 267 248
33 3 2 3 14 248 267 268 249
34 3 2 3 14 249 268 269 250
35 3 2 3 14 250 269 270 251
36 3 2 3 14 251 270 271 252
37 3 2 3 14 252 271 272 253
38 3 2 3 14 253 272 273 254
39 3 2 3 14 254 273 274 255
40 3 2 3 14 255 274 178 179
41 3 2 3 14 124 125 275 256
42 3 2 3 14 256 275 276 257
43 3 2 3 14 257 276 277 258
44 3 2 3 14 258 277 278 259
45 3 2 3 14 259 278 279 260
46 3 2 3 14 260 279 280 261
47 3 2 3 14 261 280 281 262
48 3 2 3 14 262 281 282 263
49 3 2 3 14 263 282 283 264
50 3 2 3 14 264 283 284 265
51 3 2 3 14 265 284 285 266
52 3 2 3 14 266 285 286 267
53 3 2 3 14 267 286 287 268
54 3 2 3 14 268 287 288 269
55 3 2 3 14 269 288 289 270
56 3 2 3 14 270 289 290 271
57 3 2 3 14 271 290 291 272
58 3 2 3 14 272 291 292 273
59 3 2 3 14 273 292 293 274
60 3 2 3 14 274 293 177 178
61 3 2 3 14 125 126 294 275
62 3 2 3 14 275 294 295 276
63 3 2 3 14 276 295 296 277
64 3 2 3 14 277 296 297 278
65 3 2 3 14 278 297 298 279
66 3 2 3 14 279 298 299 280
67 3 2 3 14 280 299 300 281
68 3 2 3 14 281 300 301 282
69 3 2 3 14 282 301 302 283
70 3 2 3 14 283 302 303 284
71 3 2 3 14 284 303 304 285
72 3 2 3 14 285 304 305 286
73 3 2 3 14 286 305 306 287
74 3 2 3 14 287 306 307 288
75 3 2 3 14 288 307 308 289
76 3 2 3 14 289 308 309 290
77 3 2 3 14 290 309 310 291
78 3 2 3 14 291 310 311 292
79 3 2 3 14 292 311 312 293
80 3 2 3 14 293 312 176 177
81 3 2 3 14 126 127 313 294
82 3 2 3 14 294 313 314 295
83 3 2 3 14 295 314 315 296
84 3 2 3 14 296 315 316 297
85 3 2 3 14 297 316 317 298
86 3 2 3 14 298 317 318 299
87 3 2 3 14 299 318 319 300
88 3 2 3 14 300 319 320 301
89 3 2 3 14 301 320 321 302
90 3 2 3 14 302 321 322 303
91 3 2 3 14 303 322 323 304
92 3 2 3 14 304 323 324 305
93 3 2 3 14 305 324 325 306
94 3 2 3 14 306 325 326 307
95 3 2 3 14 307 326 327 308
96 3 2 3 14 308 327 328 309
97 3 2 3 14 309 328 329 310
98 3 2 3 14 310 329 330 311
99 3 2 3 14 311 330 331 312
100 3 2 3 14 312 331 175 176
101 3 2 3 14 127 128 332 313
102 3 2 3 14 313 332 333 314
103 3 2 3 14 314 333 334 315
104 3 2 3 14 315 334 335 316
105 3 2 3 14 316 335 336 317
106 3 2 3 14 317 336 337 318
107 3 2 3 14 318 337 338 319
108 3 2 3 14 319 338 339 320
109 3 2 3 14 320 339 340 321
110 3 2 3 14 321 340 341 322
111 3 2 3 14 322 341 342 323
112 3 2 3 14 323 342 343 324
113 3 2 3 14 324 343 344 325
114 3 2 3 14 325 344 345 326
115 3 2 3 14 326 345 346 327
116 3 2 3 14 327 346 347 328
117 3 2 3 14 328 347 348 329
118 3 2 3 14 329 348 349 330
119 3 2 3 14 330 349 350 331
120 3 2 3 14 331 350 174 175
121 3 2 3 14 128 129 351 332
122 3 2 3 14 332 351 352 333
123 3 2 3 14 333 352 353 334
124 3 2 3 14 334 353 354 335
125 3 2 3 14 335 354 355 336
126 3 2 3 14 336 355 356 337
127 3 2 3 14 337 356 357 338
128 3 2 3 14 338 357 358 339
129 3 2 3 14 339 358 359 340
130 3 2 3 14 340 359 360 341
131 3 2 3 14 341 360 361 342
132 3 2 3 14 342 361 362 343
133 3 2 3 14 343 362 363 344
134 3 2 3 14 344 363 364 345
135 3 2 3 14 345 364 365 346
136 3 2 3 14 346 365 366 347
137 3 2 3 14 347 366 367 348
138 3 2 3 14 348 367 368 349
139 3 2 3 14 349 368 369 350
140 3 2 3 14 350 369 173 174
141 3 2 3 14 129 130 370 351
142 3 2 3 14 351 370 371 352
143 3 2 3 14 352 371 372 353
144 3 2 3 14 353 372 373 354
145 3 2 3 14 354 373 374 355
146 3 2 3 14 355 374 375 356
147 3 2 3 14 356 375 376 357
148 3 2 3 14 357 376 377 358
149 3 2 3 14 358 377 378 359
150 3 2 3 14 359 378 379 360
151 3 2 3 14 360 379 380 361
152 3 2 3 14 361 380 381 362
153 3 2 3 14 362 381 382 363
154 3 2 3 14 363 382 383 364
155 3 2 3 14 364 383 384 365
156 3 2 3 14 365 384 385 366
157 3 2 3 14 366 385 386 367
158 3 2 3 14 367 386 387 368
159 3 2 3 14 368 387 388 369
160 3 2 3 14 369 388 172 173
161 3 2 3 14 130 131 389 370
162 3 2 3 14 370 389 390 371
163 3 2 3 14 371 390 391 372
164 3 2 3 14 372 391 392 373
165 3 2 3 14 373 392 393 374
166 3 2 3 14 374 393 394 375
167 3 2 3 14 375 394 395 376
168 3 2 3 14 376 395 396 377
169 3 2 3 14 377 396 397 378
170 3 2 3 14 378 397 398 379
171 3 2 3 14 379 398 399 380
172 3 2 3 14 380 399 400 381
173 3 2 3 14 381 400 401 382
174 3 2 3 14 382 401 402 383
175 3 2 3 14 383 402 403 384
176 3 2 3 14 384 403 404 385
177 3 2 3 14 385 404 405 386
178 3 2 3 14 386 405 406 387
179 3 2 3 14 387 406 407 388
180 3 2 3 14 388 407 171 172
181 3 2 3 14 131 132 408 389
182 3 2 3 14 389 408 409 390
183 3 2 3 14 390 409 410 391
184 3 2 3 14 391 410 411 392
185 3 2 3 14 392 411 412 393
186 3 2 3 14 393 412 413 394
187 3 2 3 14 394 413 414 395
188 3 2 3 14 395 414 415 396
189 3 2 3 14 396 415 416 397
190 3 2 3 14 397 416 417 398
191 3 2 3 14 398 417 418 399
192 3 2 3 14 399 418 419 400
193 3 2 3 14 400 419 420 401
194 3 2 3 14 401 420 421 402
195 3 2 3 14 402 421 422 403
196 3 2 3 14 403 422 423 404
197 3 2 3 14 404 423 424 405
198 3 2 3 14 405 424 425 406
199 3 2 3 14 406 425 426 407
200 3 2 3 14 407 426 170 171
201 3 2 3 14 132 133 427 408
202 3 2 3 14 408 427 428 409
203 3 2 3 14 409 428 429 410
204 3 2 3 14 410 429 430 411
205 3 2 3 14 411 430 431 412
206 3 2 3 14 412 431 432 413
207 3 2 3 14 413 432 433 414
208 3 2 3 14 414 433 434 415
209 3 2 3 14 415 434 435 416
210 3 2 3 14 416 435 436 417
211 3 2 3 14 417 436 437 418
212 3 2 3 14 418 437 438 419
213 3 2 3 14 419 438 439 420
214 3 2 3 14 420 439 440 421
215 3 2 3 14 421 440 441 422
216 3 2 3 14 422 441 442 423
217 3 2 3 14 423 442 443 424
218 3 2 3 14 424 443 444 425
219 3 2 3 14 425 444 445 426
220 3 2 3 14 426 445 169 170
221 3 2 3 14 133 134 446 427
222 3 2 3 14 427 446 447 428
223 3 2 3 14 428 447 448 429
224 3 2 3 14 429 448 449 430
225 3 2 3 14 430 449 450 431
226 3 2 3 14 431 450 451 432
227 3 2 3 14 432 451 452 433
228 3 2 3 14 433 452 453 434
229 3 2 3 14 434 453 454 435
230 3 2 3 14 435 454 455 436
231 3 2 3 14 436 455 456 437
232 3 2 3 14 437 456 457 438
233 3 2 3 14 438 457 458 439
234 3 2 3 14 439 458 459 440
235 3 2 3 14 440 459 460 441
236 3 2 3 14 441 460 461 442
237 3 2 3 14 442 461 462 443
238 3 2 3 14 443 462 463 444
239 3 2 3 14 444 463 464 445
240 3 2 3 14 445 464 168 169
241 3 2 3 14 134 135 465 446
242 3 2 3 14 446 465 466 447
243 3 2 3 14 447 466 467 448
244 3 2 3 14 448 467 468 449
245 3 2 3 14 449 468 469 450
246 3 2 3 14 450 469 470 451
247 3 2 3 14 451 470 471 452
248 3 2 3 14 452 471 472 453
249 3 2 3 14 453 472 473 454
250 3 2 3 14 454 473 474 455
251 3 2 3 14 455 474 475 456
252 3 2 3 14 456 475 476 457
253 3 2 3 14 457 476 477 458
254 3 2 3 14 458 477 478 459
255 3 2 3 14 459 478 479 460
256 3 2 3 14 460 479 480 461
257 3 2 3 14 461 480 481 462
258 3 2 3 14 462 481 482 463
259 3 2 3 14 463 482 483 464
260 3 2 3 14 464 483 167 168
261 3 2 3 14 135 136 484 465
262 3 2 3 14 465 484 485 466
263 3 2 3 14 466 485 486 467
264 3 2 3 14 467 486 487 468
265 3 2 3 14 468 487 488 469
266 3 2 3 14 469 488 489 470
267 3 2 3 14 470 489 490 471
268 3 2 3 14 471 490 491 472
269 3 2 3 14 472 491 492 473
270 3 2 3 14 473 492 493 474
271 3 2 3 14 474 493 494 475
272 3 2 3 14 475 494 495 476
273 3 2 3 14 476 495 496 477
274 3 2 3 14 477 496 497 478
275 3 2 3 14 478 497 498 479
276 3 2 3 14 479 498 499 480
277 3 2 3 14 480 499 500 481
278 3 2 3 14 481 500 501 482
279 3 2 3 14 482 501 502 483
280 3 2 3 14 483 502 166 167
281 3 2 3 14 136 137 503 484
282 3 2 3 14 484 503 504 485
283 3 2 3 14 485 504 505 486
284 3 2 3 14 486 505 506 487
285 3 2 3 14 487 506 507 488
286 3 2 3 14 488 507 508 489
287 3 2 3 14 489 508 509 490
288 3 2 3 14 490 509 510 491
289 3 2 3 14 491 510 511 492
290 3 2 3 14 492 511 512 493
291 3 2 3 14 493 512 513 494
292 3 2 3 14 494 513 514 495
293 3 2 3 14 495 514 515 496
294 3 2 3 14 496 515 516 497
295 3 2 3 14 497 516 517 498
296 3 2 3 14 498 517 518 499
297 3 2 3 14 499 518 519 500
298 3 2 3 14 500 519 520 501
299 3 2 3 14 501 520 521 502
300 3 2 3 14 502 521 165 166
301 3 2 3 14 137 138 522 503
302 3 2 3 14 503 522 523 504
303 3 2 3 14 504 523 524 505
304 3 2 3 14 505 524 525 506
305 3 2 3 14 506 525 526 507
306 3 2 3 14 507 526 527 508
307 3 2 3 14 508 527 528 509
308 3 2 3 14 509 528 529 510
309 3 2 3 14 510 529 530 511
310 3 2 3 14 511 530 531 512
311 3 2 3 14 512 531 532 513
312 3 2 3 14 513 532 533 514
313 3 2 3 14 514 533 534 515
314 3 2 3 14 515 534 535 516
315 3 2 3 14 516 535 536 517
316 3 2 3 14 517 536 537 518
317 3 2 3 14 518 537 538 519
318 3 2 3 14 519 538 539 520
319 3 2 3 14 520 539 540 521
320 3 2 3 14 521 540 164 165
321 3 2 3 14 138 139 541 522
322 3 2 3 14 522 541 542 523
323 3 2 3 14 523 542 543 524
324 3 2 3 14 524 543 544 525
325 3 2 3 14 525 544 545 526
326 3 2 3 14 526 545 546 527
327 3 2 3 14 527 546 547 528
328 3 2 3 14 528 547 548 529
329 3 2 3 14 529 548 549 530
330 3 2 3 14 530 549 550 531
331 3 2 3 14 531 550 551 532
332 3 2 3 14 532 551 552 533
333 3 2 3 14 533 552 553 534
334 3 2 3 14 534 553 554 535
335 3 2 3 14 535 554 555 536
336 3 2 3 14 536 555 556 537
337 3 2 3 14 537 556 557 538
338 3 2 3 14 538 557 558 539
339 3 2 3 14 539 558 559 540
340 3 2 3 14 540 559 163 164
341 3 2 3 14 139 140 560 541
342 3 2 3 14 541 560 561 542
343 3 2 3 14 542 561 562 543
344 3 2 3 14 543 562 563 544
345 3 2 3 14 544 563 564 545
346 3 2 3 14 545 564 565 546
347 3 2 3 14 546 565 566 547
348 3 2 3 14 547 566 567 548
349 3 2 3 14 548 567 568 549
350 3 2 3 14 549 568 569 550
351 3 2 3 14 550 569 570 551
352 3 2 3 14 551 570 571 552
353 3 2 3 14 552 571 572 553
354 3 2 3 14 553 572 573 554
355 3 2 3 14 554 573 574 555
356 3 2 3 14 555 574 575 556
357 3 2 3 14 556 575 576 557
358 3 2 3 14 557 576 577 558
359 3 2 3 14 558 577 578 559
360 3 2 3 14 559 578 162 163
361 3 2 3 14 140 141 579 560
362 3 2 3 14 560 579 580 561
363 3 2 3 14 561 580 581 562
364 3 2 3 14 562 581 582 563
365 3 2 3 14 563 582 583 564
366 3 2 3 14 564 583 584 565
367 3 2 3 14 565 584 585 566
368 3 2 3 14 566 585 586 567
369 3 2 3 14 567 586 587 568
370 3 2 3 14 568 587 588 569
371 3 2 3 14 569 588 589 570
372 3 2 3 14 570 589 590 571
373 3 2 3 14 571 590 591 572
374 3 2 3 14 572 591 592 573
375 3 2 3 14 573 592 593 574
376 3 2 3 14 574 593 594 575
377 3 2 3 14 575 594 595 576
378 3 2 3 14 576 595 596 577
379 3 2 3 14 577 596 597 578
380 3 2 3 14 578 597 161 162
381 3 2 3 14 141 6 142 579
382 3 2 3 14 579 142 143 580
383 3 2 3 14 580 143 144 581
384 3 2 3 14 581 144 145 582
385 3 2 3 14 582 145 146 583
386 3 2 3 14 583 146 147 584
387 3 2 3 14 584 147 148 585
388 3 2 3 14 585 148 149 586
389 3 2 3 14 586 149 150 587
390 3 2 3 14 587 150 151 588
391 3 2 3 14 588 151 152 589
392 3 2 3 14 589 152 153 590
393 3 2 3 14 590 153 154 591
394 3 2 3 14 591 154 155 592
395 3 2 3 14 592 155 156 593
396 3 2 3 14 593 156 157 594
397 3 2 3 14 594 157 158 595
398 3 2 3 14 595 158 159 596
399 3 2 3 14 596 159 160 597
400 3 2 3 14 597 160 8 161
401 3 2 2 16 2 104 598 198
402 3 2 2 16 198 598 599 197
403 3 2 2 16 197 599 600 196
404 3 2 2 16 196 600 601 195
405 3 2 2 16 195 601 602 194
406 3 2 2 16 194 602 603 193
407 3 2 2 16 193 603 604 192
408 3 2 2 16 192 604 605 191
409 3 2 2 16 191 605 606 190
410 3 2 2 16 190 606 607 189
411 3 2 2 16 189 607 608 188
412 3 2 2 16 188 608 609 187
413 3 2 2 16 187 609 610 186
414 3 2 2 16 186 610 611 185
415 3 2 2 16 185 611 612 184
416 3 2 2 16 184 612 613 183
417 3 2 2 16 183 613 614 182
418 3 2 2 16 182 614 615 181
419 3 2 2 16 181 615 616 180
420 3 2 2 16 180 616 103 1
421 3 2 2 16 104 105 617 598
422 3 2 2 16 598 617 618 599
423 3 2 2 16 599 618 619 600
424 3 2 2 16 600 619 620 601
425 3 2 2 16 601 620 621 602
426 3 2 2 16 602 621 622 603
427 3 2 2 16 603 622 623 604
428 3 2 2 16 604 623 624 605
429 3 2 2 16 605 624 625 606
430 3 2 2 16 606 625 626 607
431 3 2 2 16 607 626 627 608
432 3 2 2 16 608 627 628 609
433 3 2 2 16 609 628 629 610
434 3 2 2 16 610 629 630 611
435 3 2 2 16 611 630 631 612
436 3 2 2 16 612 631 632 613
437 3 2 2 16 613 632 633 614
438 3 2 2 16 614 633 634 615
439 3 2 2 16 615 634 635 616
440 3 2 2 16 616 635 102 103
441 3 2 2 16 105 106 636 617
442 3 2 2 16 617 636 637 618
443 3 2 2 16 618 637 638 619
444 3 2 2 16 619 638 639 620
445 3 2 2 16 620 639 640 621
446 3 2 2 16 621 640 641 622
447 3 2 2 16 622 641 642 623
448 3 2 2 16 623 642 643 624
449 3 2 2 16 624 643 644 625
450 3 2 2 16 625 644 645 626
451 3 2 2 16 626 645 646 627
452 3 2 2 16 627 646 647 628
453 3 2 2 16 628 647 648 629
454 3 2 2 16 629 648 649 630
455 3 2 2 16 630 649 650 631
456 3 2 2 16 631 650 651 632
457 3 2 2 16 632 651 652 633
458 3 2 2 16 633 652 653 634
459 3 2 2 16 634 653 654 635
460 3 2 2 16 635 654 101 102
461 3 2 2 16 106 107 655 636
462 3 2 2 16 636 655 656 637
463 3 2 2 16 637 656 657 638
464 3 2 2 16 638 657 658 639
465 3 2 2 16 639 658 659 640
466 3 2 2 16 640 659 660 641
467 3 2 2 16 641 660 661 642
468 3 2 2 16 642 661 662 643
469 3 2 2 16 643 662 663 644
470 3 2 2 16 644 663 664 645
471 3 2 2 16 645 664 665 646
472 3 2 2 16 646 665 666 647
473 3 2 2 16 647 666 667 648
474 3 2 2 16 648 667 668 649
475 3 2 2 16 649 668 669 650
476 3 2 2 16 650 669 670 651
477 3 2 2 16 651 670 671 652
478 3 2 2 16 652 671 672 653
479 3 2 2 16 653 672 673 654
480 3 2 2 16 654 673 100 101
481 3 2 2 16 107 108 674 655
482 3 2 2 16 655 674 675 656
483 3 2 2 16 656 675 676 657
484 3 2 2 16 657 676 677 658
485 3 2 2 16 658 677 678 659
486 3 2 2 16 659 678 679 660
487 3 2 2 16 660 679 680 661
488 3 2 2 16 661 680 681 662
489 3 2 2 16 662 681 682 663
490 3 2 2 16 663 682 683 664
491 3 2 2 16 664 683 684 665
492 3 2 2 16 665 684 685 666
493 3 2 2 16 666 685 686 667
494 3 2 2 16 667 686 687 668
495 3 2 2 16 668 687 688 669
496 3 2 2 16 669 688 689 670
497 3 2 2 16 670 689 690 671
498 3 2 2 16 671 690 691 672
499 3 2 2 16 672 691 692 673
500 3 2 2 16 673 692 99 100
501 3 2 2 16 108 109 693 674
502 3 2 2 16 674 693 694 675
503 3 2 2 16 675 694 695 676
504 3 2 2 16 676 695 696 677
505 3 2 2 16 677 696 697 678
506 3 2 2 16 678 697 698 679
507 3 2 2 16 679 698 699 680
508 3 2 2 16 680 699 700 681
509 3 2 2 16 681 700 701 682
510 3 2 2 16 682 701 702 683
511 3 2 2 16 683 702 703 684
512 3 2 2 16 684 703 704 685
513 3 2 2 16 685 704 705 686
514 3 2 2 16 686 705 706 687
515 3 2 2 16 687 706 707 688
516 3 2 2 16 688 707 708 689
517 3 2 2 16 689 708 709 690
518 3 2 2 16 690 709 710 691
519 3 2 2 16 691 710 711 692
520 3 2 2 16 692 711 98 99
521 3 2 2 16 109 110 712 693
522 3 2 2 16 693 712 713 694
523 3 2 2 16 694 713 714 695
524 3 2 2 16 695 714 715 696
525 3 2 2 16 696 715 716 697
526 3 2 2 16 697 716 717 698
527 3 2 2 16 698 717 718 699
528 3 2 2 16 699 718 719 700
529 3 2 2 16 700 719 720 701
530 3 2 2 16 701 720 721 702
531 3 2 2 16 702 721 722 703
532 3 2 2 16 703 722 723 704
533 3 2 2 16 704 723 724 705
534 3 2 2 16 705 724 725 706
535 3 2 2 16 706 725 726 707
536 3 2 2 16 707 726 727 708
537 3 2 2 16 708 727 728 709
538 3 2 2 16 709 728 729 710
539 3 2 2 16 710 729 730 711
540 3 2 2 16 711 730 97 98
541 3 2 2 16 110 111 731 712
542 3 2 2 16 712 731 732 713
543 3 2 2 16 713 732 733 714
544 3 2 2 16 714 733 734 715
545 3 2 2 16 715 734 735 716
546 3 2 2 16 716 735 736 717
547 3 2 2 16 717 736 737 718
548 3 2 2 16 718 737 738 719
549 3 2 2 16 719 738 739 720
550 3 2 2 16 720 739 740 721
551 3 2 2 16 721 740 741 722
552 3 2 2 16 722 741 742 723
553 3 2 2 16 723 742 743 724
554 3 2 2 16 724 743 744 725
555 3 2 2 16 725 744 745 726
556 3 2 2 16 726 745 746 727
557 3 2 2 16 727 746 747 728
558 3 2 2 16 728 747 748 729
559 3 2 2 16 729 748 749 730
560 3 2 2 16 730 749 96 97
561 3 2 2 16 111 112 750 731
562 3 2 2 16 731 750 751 732
563 3 2 2 16 732 751 752 733
564 3 2 2 16 733 752 753 734
565 3 2 2 16 734 753 754 735
566 3 2 2 16 735 754 755 736
567 3 2 2 16 736 755 756 737
568 3 2 2 16 737 756 757 738
569 3 2 2 16 738 757 758 739
570 3 2 2 16 739 758 759 740
571 3 2 2 16 740 759 760 741
572 3 2 2 16 741 760 761 742
573 3 2 2 16 742 761 762 743
574 3 2 2 16 743 762 763 744
575 3 2 2 16 744 763 764 745
576 3 2 2 16 745 764 765 746
577 3 2 2 16 746 765 766 747
578 3 2 2 16 747 766 767 748
579 3 2 2 16 748 767 768 749
580 3 2 2 16 749 768 95 96
581 3 2 2 16 112 113 769 750
582 3 2 2 16 750 769 770 751
583 3 2 2 16 751 770 771 752
584 3 2 2 16 752 771 772 753
585 3 2 2 16 753 772 773 754
586 3 2 2 16 754 773 774 755
587 3 2 2 16 755 774 775 756
588 3 2 2 16 756 775 776 757
589 3 2 2 16 757 776 777 758
590 3 2 2 16 758 777 778 759
591 3 2 2 16 759 778 779 760
592 3 2 2 16 760 779 780 761
593 3 2 2 16 761 780 781 762
594 3 2 2 16 762 781 782 763
595 3 2 2 16 763 782 783 764
596 3 2 2 16 764 783 784 765
597 3 2 2 16 765 784 785 766
598 3 2 2 16 766 785 786 767
599 3 2 2 16 767 786 787 768
600 3 2 2 16 768 787 94 95
601 3 2 2 16 113 114 788 769
602 3 2 2 16 769 788 789 770
603 3 2 2 16 770 789 790 771
604 3 2 2 16 771 790 791 772
605 3 2 2 16 772 791 792 773
606 3 2 2 16 773 792 793 774
607 3 2 2 16 774 793 794 775
608 3 2 2 16 775 794 795 776
609 3 2 2 16 776 795 796 777
610 3 2 2 16 777 796 797 778
611 3 2 2 16 778 797 798 779
612 3 2 2 16 779 798 799 780
613 3 2 2 16 780 799 800 781
614 3 2 2 16 781 800 801 782
615 3 2 2 16 782 801 802 783
616 3 2 2 16 783 802 803 784
617 3 2 2 16 784 803 804 785
618 3 2 2 16 785 804 805 786
619 3 2 2 16 786 805 806 787
620 3 2 2 16 787 806 93 94
621 3 2 2 16 114 115 807 788
622 3 2 2 16 788 807 808 789
623 3 2 2 16 789 808 809 790
624 3 2 2 16 790 809 810 791
625 3 2 2 16 791 810 811 792
626 3 2 2 16 792 811 812 793
627 3 2 2 16 793 812 813 794
628 3 2 2 16 794 813 814 795
629 3 2 2 16 795 814 815 796
630 3 2 2 16 796 815 816 797
631 3 2 2 16 797 816 817 798
632 3 2 2 16 798 817 818 799
633 3 2 2 16 799 818 819 800
634 3 2 2 16 800 819 820 801
635 3 2 2 16 801 820 821 802
636 3 2 2 16 802 821 822 803
637 3 2 2 16 803 822 823 804
638 3 2 2 16 804 823 824 805
639 3 2 2 16 805 824 825 806
640 3 2 2 16 806 825 92 93
641 3 2 2 16 115 116 826 807
642 3 2 2 16 807 826 827 808
643 3 2 2 16 808 827 828 809
644 3 2 2 16 809 828 829 810
645 3 2 2 16 810 829 830 811
646 3 2 2 16 811 830 831 812
647 3 2 2 16 812 831 832 813
648 3 2 2 16 813 832 833 814
649 3 2 2 16 814 833 834 815
650 3 2 2 16 815 834 835 816
651 3 2 2 16 816 835 836 817
652 3 2 2 16 817 836 837 818
653 3 2 2 16 818 837 838 819
654 3 2 2 16 819 838 839 820
655 3 2 2 16 820 839 840 821
656 3 2 2 16 821 840 841 822
657 3 2 2 16 822 841 842 823
658 3 2 2 16 823 842 843 824
659 3 2 2 16 824 843 844 825
660 3 2 2 16 825 844 91 92
661 3 2 2 16 116 117 845 826
662 3 2 2 16 826 845 846 827
663 3 2 2 16 827 846 847 828
664 3 2 2 16 828 847 848 829
665 3 2 2 16 829 848 849 830
666 3 2 2 16 830 849 850 831
667 3 2 2 16 831 850 851 832
668 3 2 2 16 832 851 852 833
669 3 2 2 16 833 852 853 834
670 3 2 2 16 834 853 854 835
671 3 2 2 16 835 854 855 836
672 3 2 2 16 836 855 856 837
673 3 2 2 16 837 856 857 838
674 3 2 2 16 838 857 858 839
675 3 2 2 16 839 858 859 840
676 3 2 2 16 840 859 860 841
677 3 2 2 16 841 860 861 842
678 3 2 2 16 842 861 862 843
679 3 2 2 16 843 862 863 844
680 3 2 2 16 844 863 90 91
681 3 2 2 16 117 118 864 845
682 3 2 2 16 845 864 865 846
683 3 2 2 16 846 865 866 847
684 3 2 2 16 847 866 867 848
685 3 2 2 16 848 867 868 849
686 3 2 2 16 849 868 869 850
687 3 2 2 16 850 869 870 851
688 3 2 2 16 851 870 871 852
689 3 2 2 16 852 871 872 853
690 3 2 2 16 853 872 873 854
691 3 2 2 16 854 873 874 855
692 3 2 2 16 855 874 875 856
693 3 2 2 16 856 875 876 857
694 3 2 2 16 857 876 877 858
695 3 2 2 16 858 877 878 859
696 3 2 2 16 859 878 879 860
697 3 2 2 16 860 879 880 861
698 3 2 2 16 861 880 881 862
699 3 2 2 16 862 881 882 863
700 3 2 2 16 863 882 89 90
701 3 2 2 16 118 119 883 864
702 3 2 2 16 864 883 884 865
703 3 2 2 16 865 884 885 866
704 3 2 2 16 866 885 886 867
705 3 2 2 16 867 886 887 868
706 3 2 2 16 868 887 888 869
707 3 2 2 16 869 888 889 870
708 3 2 2 16 870 889 890 871
709 3 2 2 16 871 890 891 872
710 3 2 2 16 872 891 892 873
711 3 2 2 16 873 892 893 874
712 3 2 2 16 874 893 894 875
713 3 2 2 16 875 894 895 876
714 3 2 2 16 876 895 896 877
715 3 2 2 16 877 896 897 878
716 3 2 2 16 878 897 898 879
717 3 2 2 16 879 898 899 880
718 3 2 2 16 880 899 900 881
719 3 2 2 16 881 900 901 882
720 3 2 2 16 882 901 88 89
721 3 2 2 16 119 120 902 883
722 3 2 2 16 883 902 903 884
723 3 2 2 16 884 903 904 885
724 3 2 2 16 885 904 905 886
725 3 2 2 16 886 905 906 887
726 3 2 2 16 887 906 907 888
727 3 2 2 16 888 907 908 889
728 3 2 2 16 889 908 909 890
729 3 2 2 16 890 909 910 891
730 3 2 2 16 891 910 911 892
731 3 2 2 16 892 911 912 893
732 3 2 2 16 893 912 913 894
733 3 2 2 16 894 913 914 895
734 3 2 2 16 895 914 915 896
735 3 2 2 16 896 915 916 897
736 3 2 2 16 897 916 917 898
737 3 2 2 16 898 917 918 899
738 3 2 2 16 899 918 919 900
739 3 2 2 16 900 919 920 901
740 3 2 2 16 901 920 87 88
741 3 2 2 16 120 121 921 902
742 3 2 2 16 902 921 922 903
743 3 2 2 16 903 922 923 904
744 3 2 2 16 904 923 924 905
745 3 2 2 16 905 924 925 906
746 3 2 2 16 906 925 926 907
747 3 2 2 16 907 926 927 908
748 3 2 2 16 908 927 928 909
749 3 2 2 16 909 928 929 910
750 3 2 2 16 910 929 930 911
751 3 2 2 16 911 930 931 912
752 3 2 2 16 912 931 932 913
753 3 2 2 16 913 932 933 914
754 3 2 2 16 914 933 934 915
755 3 2 2 16 915 934 935 916
756 3 2 2 16 916 935 936 917
757 3 2 2 16 917 936 937 918
758 3 2 2 16 918 937 938 919
759 3 2 2 16 919 938 939 920
760 3 2 2 16 920 939 86 87
761 3 2 2 16 121 122 940 921
762 3 2 2 16 921 940 941 922
763 3 2 2 16 922 941 942 923
764 3 2 2 16 923 942 943 924
765 3 2 2 16 924 943 944 925
766 3 2 2 16 925 944 945 926
767 3 2 2 16 926 945 946 927
768 3 2 2 16 927 946 947 928
769 3 2 2 16 928 947 948 929
770 3 2 2 16 929 948 949 930
771 3 2 2 16 930 949 950 931
772 3 2 2 16 931 950 951 932
773 3 2 2 16 932 951 952 933
774 3 2 2 16 933 952 953 934
775 3 2 2 16 934 953 954 935
776 3 2 2 16 935 954 955 936
777 3 2 2 16 936 955 956 937
778 3 2 2 16 937 956 957 938
779 3 2 2 16 938 957 958 939
780 3 2 2 16 939 958 85 86
781 3 2 2 16 122 4 66 940
782 3 2 2 16 940 66 67 941
783 3 2 2 16 941 67 68 942
784 3 2 2 16 942 68 69 943
785 3 2 2 16 943 69 70 944
786 3 2 2 16 944 70 71 945
787 3 2 2 16 945 71 72 946
788 3 2 2 16 946 72 73 947
789 3 2 2 16 947 73 74 948
790 3 2 2 16 948 74 75 949
791 3 2 2 16 949 75 76 950
792 3 2 2 16 950 76 77 951
793 3 2 2 16 951 77 78 952
794 3 2 2 16 952 78 79 953
795 3 2 2 16 953 79 80 954
796 3 2 2 16 954 80 81 955
797 3 2 2 16 955 81 82 956
798 3 2 2 16 956 82 83 957
799 3 2 2 16 957 83 84 958
800 3 2 2 16 958 84 3 85
801 3 2 3 18 5 47 959 46
802 3 2 3 18 46 959 960 45
803 3 2 3 18 45 960 961 44
804 3 2 3 18 44 961 962 43
805 3 2 3 18 43 962 963 42
806 3 2 3 18 42 963 964 41
807 3 2 3 18 41 964 965 40
808 3 2 3 18 40 965 966 39
809 3 2 3 18 39 966 967 38
810 3 2 3 18 38 967 968 37
811 3 2 3 18 37 968 969 36
812 3 2 3 18 36 969 970 35
813 3 2 3 18 35 970 971 34
814 3 2 3 18 34 971 972 33
815 3 2 3 18 33 972 973 32
816 3 2 3 18 32 973 974 31
817 3 2 3 18 31 974 975 30
818 3 2 3 18 30 975 976 29
819 3 2 3 18 29 976 977 28
820 3 2 3 18 28 977 27 7
821 3 2 3 18 47 48 978 959
822 3 2 3 18 959 978 979 960
823 3 2 3 18 960 979 980 961
824 3 2 3 18 961 980 981 962
825 3 2 3 18 962 981 982 963
826 3 2 3 18 963 982 983 964
827 3 2 3 18 964 983 984 965
828 3 2 3 18 965 984 985 966
829 3 2 3 18 966 985 986 967
830 3 2 3 18 967 986 987 968
831 3 2 3 18 968 987 988 969
832 3 2 3 18 969 988 989 970
833 3 2 3 18 970 989 990 971
834 3 2 3 18 971 990 991 972
835 3 2 3 18 972 991 992 973
836 3 2 3 18 973 992 993 974
837 3 2 3 18 974 993 994 975
838 3 2 3 18 975 994 995 976
839 3 2 3 18 976 995 996 977
840 3 2 3 18 977 996 26 27
841 3 2 3 18 48 49 997 978
842 3 2 3 18 978 997 998 979
843 3 2 3 18 979 998 999 980
844 3 2 3 18 980 999 1000 981
845 3 2 3 18 981 1000 1001 982
846 3 2 3 18 982 1001 1002 983
847 3 2 3 18 983 1002 1003 984
848 3 2 3 18 984 1003 1004 985
849 3 2 3 18 985 1004 1005 986
850 3 2 3 18 986 1005 1006 987
851 3 2 3 18 987 1006 1007 988
852 3 2 3 18 988 1007 1008 989
853 3 2 3 18 989 1008 1009 990
854 3 2 3 18 990 1009 1010 991
855 3 2 3 18 991 1010 1011 992
856 3 2 3 18 992 1011 1012 993
857 3 2 3 18 993 1012 1013 994
858 3 2 3 18 994 1013 1014 995
859 3 2 3 18 995 1014 1015 996
860 3 2 3 18 996 1015 25 26
861 3 2 3 18 49 50 1016 997
862 3 2 3 18 997 1016 1017 998
863 3 2 3 18 998 1017 1018 999
864 3 2 3 18 999 1018 1019 1000
865 3 2 3 18 1000 1019 1020 1001
866 3 2 3 18 1001 1020 1021 1002
867 3 2 3 18 1002 1021 1022 1003
868 3 2 3 18 1003 1022 1023 1004
869 3 2 3 18 1004 1023 1024 1005
870 3 2 3 18 1005 1024 1025 1006
871 3 2 3 18 1006 1025 1026 1007
872 3 2 3 18 1007 1026 1027 1008
873 3 2 3 18 1008 1027 1028 1009
874 3 2 3 18 1009 1028 1029 1010
875 3 2 3 18 1010 1029 1030 1011
876 3 2 3 18 1011 1030 1031 1012
877 3 2 3 18 1012 1031 1032 1013
878 3 2 3 18 1013 1032 1033 1014
879 3 2 3 18 1014 1033 1034 1015
880 3 2 3 18 1015 1034 24 25
881 3 2 3 18 50 51 1035 1016
882 3 2 3 18 1016 1035 1036 1017
883 3 2 3 18 1017 1036 1037 1018
884 3 2 3 18 1018 1037 1038 1019
885 3 2 3 18 1019 1038 1039 1020
886 3 2 3 18 1020 1039 1040 1021
887 3 2 3 18 1021 1040 1041 1022
888 3 2 3 18 1022 1041 1042 1023
889 3 2 3 18 1023 1042 1043 1024
890 3 2 3 18 1024 1043 1044 1025
891 3 2 3 18 1025 1044 1045 1026
892 3 2 3 18 1026 1045 1046 1027
893 3 2 3 18 1027 1046 1047 1028
894 3 2 3 18 1028 1047 1048 1029
895 3 2 3 18 1029 1048 1049 1030
896 3 2 3 18 1030 1049 1050 1031
897 3 2 3 18 1031 1050 1051 1032
898 3 2 3 18 1032 1051 1052 1033
899 3 2 3 18 1033 1052 1053 1034
900 3 2 3 18 1034 1053 23 24
901 3 2 3 18 51 52 1054 1035
902 3 2 3 18 1035 1054 1055 1036
903 3 2 3 18 1036 1055 1056 1037
904 3 2 3 18 1037 1056 1057 1038
905 3 2 3 18 1038 1057 1058 1039
906 3 2 3 18 1039 1058 1059 1040
907 3 2 3 18 1040 1059 1060 1041
908 3 2 3 18 1041 1060 1061 1042
909 3 2 3 18 1042 1061 1062 1043
910 3 2 3 18 1043 1062 1063 1044
911 3 2 3 18 1044 1063 1064 1045
912 3 2 3 18 1045 1064 1065 1046
913 3 2 3 18 1046 1065 1066 1047
914 3 2 3 18 1047 1066 1067 1048
915 3 2 3 18 1048 1067 1068 1049
916 3 2 3 18 1049 1068 1069 1050
917 3 2 3 18 1050 1069 1070 1051
918 3 2 3 18 1051 1070 1071 1052
919 3 2 3 18 1052 1071 1072 1053
920 3 2 3 18 1053 1072 22 23
921 3 2 3 18 52 53 1073 1054
922 3 2 3 18 1054 1073 1074 1055
923 3 2 3 18 1055 1074 1075 1056
924 3 2 3 18 1056 1075 1076 1057
925 3 2 3 18 1057 1076 1077 1058
926 3 2 3 18 1058 1077 1078 1059
927 3 2 3 18 1059 1078 1079 1060
928 3 2 3 18 1060 1079 1080 1061
929 3 2 3 18 1061 1080 1081 1062
930 3 2 3 18 1062 1081 1082 1063
931 3 2 3 18 1063 1082 1083 1064
932 3 2 3 18 1064 1083 1084 1065
933 3 2 3 18 1065 1084 1085 1066
934 3 2 3 18 1066 1085 1086 1067
935 3 2 3 18 1067 1086 1087 1068
936 3 2 3 18 1068 1087 1088 1069
937 3 2 3 18 1069 1088 1089 1070
938 3 2 3 18 1070 1089 1090 1071
939 3 2 3 18 1071 1090 1091 1072
940 3 2 3 18 1072 1091 21 22
941 3 2 3 18 53 54 1092 1073
942 3 2 3 18 1073 1092 1093 1074
943 3 2 3 18 1074 1093 1094 1075
944 3 2 3 18 1075 1094 1095 1076
945 3 2 3 18 1076 1095 1096 1077
946 3 2 3 18 1077 1096 1097 1078
947 3 2 3 18 1078 1097 1098 1079
948 3 2 3 18 1079 1098 1099 1080
949 3 2 3 18 1080 1099 1100 1081
950 3 2 3 18 1081 1100 1101 1082
951 3 2 3 18 1082 1101 1102 1083
952 3 2 3 18 1083 1102 1103 1084
953 3 2 3 18 1084 1103 1104 1085
954 3 2 3 18 1085 1104 1105 1086
955 3 2 3 18 1086 1105 1106 1087
956 3 2 3 18 1087 1106 1107 1088
957 3 2 3 18 1088 1107 1108 1089
958 3 2 3 18 1089 1108 1109 1090
959 3 2 3 18 1090 1109 1110 1091
960 3 2 3 18 1091 1110 20 21
961 3 2 3 18 54 55 1111 1092
962 3 2 3 18 1092 1111 1112 1093
963 3 2 3 18 1093 1112 1113 1094
964 3 2 3 18 1094 1113 1114 1095
965 3 2 3 18 1095 1114 1115 1096
966 3 2 3 18 1096 1115 1116 1097
967 3 2 3 18 1097 1116 1117 1098
968 3 2 3 18 1098 1117 1118 1099
969 3 2 3 18 1099 1118 1119 1100
970 3 2 3 18 1100 1119 1120 1101
971 3 2 3 18 1101 1120 1121 1102
972 3 2 3 18 1102 1121 1122 1103
973 3 2 3 18 1103 1122 1123 1104
974 3 2 3 18 1104 1123 1124 1105
975 3 2 3 18 1105 1124 1125 1106
976 3 2 3 18 1106 1125 1126 1107
977 3 2 3 18 1107 1126 1127 1108
978 3 2 3 18 1108 1127 1128 1109
979 3 2 3 18 1109 1128 1129 1110
980 3 2 3 18 1110 1129 19 20
981 3 2 3 18 55 56 1130 1111
982 3 2 3 18 1111 1130 1131 1112
983 3 2 3 18 1112 1131 1132 1113
984 3 2 3 18 1113 1132 1133 1114
985 3 2 3 18 1114 1133 1134 1115
986 3 2 3 18 1115 1134 1135 1116
987 3 2 3 18 1116 1135 1136 1117
988 3 2 3 18 1117 1136 1137 1118
989 3 2 3 18 1118 1137 1138 1119
990 3 2 3 18 1119 1138 1139 1120
991 3 2 3 18 1120 1139 1140 1121
992 3 2 3 18 1121 1140 1141 1122
993 3 2 3 18 1122 1141 1142 1123
994 3 2 3 18 1123 1142 1143 1124
995 3 2 3 18 1124 1143 1144 1125
996 3 2 3 18 1125 1144 1145 1126
997 3 2 3 18 1126 1145 1146 1127
998 3 2 3 18 1127 1146 1147 1128
999 3 2 3 18 1128 1147 1148 1129
1000 3 2 3 18 1129 1148 18 19
1001 3 2 3 18 56 57 1149 1130
1002 3 2 3 18 1130 1149 1150 1131
1003 3 2 3 18 1131 1150 1151 1132
1004 3 2 3 18 1132 1151 1152 1133
1005 3 2 3 18 1133 1152 1153 1134
1006 3 2 3 18 1134 1153 1154 1135
1007 3 2 3 18 1135 1154 1155 1136
1008 3 2 3 18 1136 1155 1156 1137
1009 3 2 3 18 1137 1156 1157 1138
1010 3 2 3 18 1138 1157 1158 1139
1011 3 2 3 18 1139 1158 1159 1140
1012 3 2 3 18 1140 1159 1160 1141
1013 3 2 3 18 1141 1160 1161 1142
1014 3 2 3 18 1142 1161 1162 1143
1015 3 2 3 18 1143 1162 1163 1144
1016 3 2 3 18 1144 1163 1164 1145
1017 3 2 3 18 1145 1164 1165 1146
1018 3 2 3 18 1146 1165 1166 1147
1019 3 2 3 18 1147 1166 1167 1148
1020 3 2 3 18 1148 1167 17 18
1021 3 2 3 18 57 58 1168 1149
1022 3 2 3 18 1149 1168 1169 1150
1023 3 2 3 18 1150 1169 1170 1151
1024 3 2 3 18 1151 1170 1171 1152
1025 3 2 3 18 1152 1171 1172 1153
1026 3 2 3 18 1153 1172 1173 1154
1027 3 2 3 18 1154 1173 1174 1155
1028 3 2 3 18 1155 1174 1175 1156
1029 3 2 3 18 1156 1175 1176 1157
1030 3 2 3 18 1157 1176 1177 1158
1031 3 2 3 18 1158 1177 1178 1159
1032 3 2 3 18 1159 1178 1179 1160
1033 3 2 3 18 1160 1179 1180 1161
1034 3 2 3 18 1161 1180 1181 1162
1035 3 2 3 18 1162 1181 1182 1163
1036 3 2 3 18 1163 1182 1183 1164
1037 3 2 3 18 1164 1183 1184 1165
1038 3 2 3 18 1165 1184 1185 1166
1039 3 2 3 18 1166 1185 1186 1167
1040 3 2 3 18 1167 1186 16 17
1041 3 2 3 18 58 59 1187 1168
1042 3 2 3 18 1168 1187 1188 1169
1043 3 2 3 18 1169 1188 1189 1170
1044 3 2 3 18 1170 1189 1190 1171
1045 3 2 3 18 1171 1190 1191 1172
1046 3 2 3 18 1172 1191 1192 1173
1047 3 2 3 18 1173 1192 1193 1174
1048 3 2 3 18 1174 1193 1194 1175
1049 3 2 3 18 1175 1194 1195 1176
1050 3 2 3 18 1176 1195 1196 1177
1051 3 2 3 18 1177 1196 1197 1178
1052 3 2 3 18 1178 1197 1198 1179
1053 3 2 3 18 1179 1198 1199 1180
1054 3 2 3 18 1180 1199 1200 1181
1055 3 2 3 18 1181 1200 1201 1182
1056 3 2 3 18 1182 1201 1202 1183
1057 3 2 3 18 1183 1202 1203 1184
1058 3 2 3 18 1184 1203 1204 1185
1059 3 2 3 18 1185 1204 1205 1186
1060 3 2 3 18 1186 1205 15 16
1061 3 2 3 18 59 60 1206 1187
1062 3 2 3 18 1187 1206 1207 1188
1063 3 2 3 18 1188 1207 1208 1189
1064 3 2 3 18 1189 1208 1209 1190
1065 3 2 3 18 1190 1209 1210 1191
1066 3 2 3 18 1191 1210 1211 1192
1067 3 2 3 18 1192 1211 1212 1193
1068 3 2 3 18 1193 1212 1213 1194
1069 3 2 3 18 1194 1213 1214 1195
1070 3 2 3 18 1195 1214 1215 1196
1071 3 2 3 18 1196 1215 1216 1197
1072 3 2 3 18 1197 1216 1217 1198
1073 3 2 3 18 1198 1217 1218 1199
1074 3 2 3 18 1199 1218 1219 1200
1075 3 2 3 18 1200 1219 1220 1201
1076 3 2 3 18 1201 1220 1221 1202
1077 3 2 3 18 1202 1221 1222 1203
1078 3 2 3 18 1203 1222 1223 1204
1079 3 2 3 18 1204 1223 1224 1205
1080 3 2 3 18 1205 1224 14 15
1081 3 2 3 18 60 61 1225 1206
1082 3 2 3 18 1206 1225 1226 1207
1083 3 2 3 18 1207 1226 1227 1208
1084 3 2 3 18 1208 1227 1228 1209
1085 3 2 3 18 1209 1228 1229 1210
1086 3 2 3 18 1210 1229 1230 1211
1087 3 2 3 18 1211 1230 1231 1212
1088 3 2 3 18 1212 1231 1232 1213
1089 3 2 3 18 1213 1232 1233 1214
1090 3 2 3 18 1214 1233 1234 1215
1091 3 2 3 18 1215 1234 1235 1216
1092 3 2 3 18 1216 1235 1236 1217
1093 3 2 3 18 1217 1236 1237 1218
1094 3 2 3 18 1218 1237 1238 1219
1095 3 2 3 18 1219 1238 1239 1220
1096 3 2 3 18 1220 1239 1240 1221
1097 3 2 3 18 1221 1240 1241 1222
1098 3 2 3 18 1222 1241 1242 1223
1099 3 2 3 18 1223 1242 1243 1224
1100 3 2 3 18 1224 1243 13 14
1101 3 2 3 18 61 62 1244 1225
1102 3 2 3 18 1225 1244 1245 1226
1103 3 2 3 18 1226 1245 1246 1227
1104 3 2 3 18 1227 1246 1247 1228
1105 3 2 3 18 1228 1247 1248 1229
1106 3 2 3 18 1229 1248 1249 1230
1107 3 2 3 18 1230 1249 1250 1231
1108 3 2 3 18 1231 1250 1251 1232
1109 3 2 3 18 1232 1251 1252 1233
1110 3 2 3 18 1233 1252 1253 1234
1111 3 2 3 18 1234 1253 1254 1235
1112 3 2 3 18 1235 1254 1255 1236
1113 3 2 3 18 1236 1255 1256 1237
1114 3 2 3 18 1237 1256 1257 1238
1115 3 2 3 18 1238 1257 1258 1239
1116 3 2 3 18 1239 1258 1259 1240
1117 3 2 3 18 1240 1259 1260 1241
1118 3 2 3 18 1241 1260 1261 1242
1119 3 2 3 18 1242 1261 1262 1243
1120 3 2 3 18 1243 1262 12 13
1121 3 2 3 18 62 63 1263 1244
1122 3 2 3 18 1244 1263 1264 1245
1123 3 2 3 18 1245 1264 1265 1246
1124 3 2 3 18 1246 1265 1266 1247
1125 3 2 3 18 1247 1266 1267 1248
1126 3 2 3 18 1248 1267 1268 1249
1127 3 2 3 18 1249 1268 1269 1250
1128 3 2 3 18 1250 1269 1270 1251
1129 3 2 3 18 1251 1270 1271 1252
1130 3 2 3 18 1252 1271 1272 1253
1131 3 2 3 18 1253 1272 1273 1254
1132 3 2 3 18 1254 1273 1274 1255
1133 3 2 3 18 1255 1274 1275 1256
1134 3 2 3 18 1256 1275 1276 1257
1135 3 2 3 18 1257 1276 1277 1258
1136 3 2 3 18 1258 1277 1278 1259
1137 3 2 3 18 1259 1278 1279 1260
1138 3 2 3 18 1260 1279 1280 1261
1139 3 2 3 18 1261 1280 1281 1262
1140 3 2 3 18 1262 1281 11 12
1141 3 2 3 18 63 64 1282 1263
1142 3 2 3 18 1263 1282 1283 1264
1143 3 2 3 18 1264 1283 1284 1265
1144 3 2 3 18 1265 1284 1285 1266
1145 3 2 3 18 1266 1285 1286 1267
1146 3 2 3 18 1267 1286 1287 1268
1147 3 2 3 18 1268 1287 1288 1269
1148 3 2 3 18 1269 1288 1289 1270
1149 3 2 3 18 1270 1289 1290 1271
1150 3 2 3 18 1271 1290 1291 1272
1151 3 2 3 18 1272 1291 1292 1273
1152 3 2 3 18 1273 1292 1293 1274
1153 3 2 3 18 1274 1293 1294 1275
1154 3 2 3 18 1275 1294 1295 1276
1155 3 2 3 18 1276 1295 1296 1277
1156 3 2 3 18 1277 1296 1297 1278
1157 3 2 3 18 1278 1297 1298 1279
1158 3 2 3 18 1279 1298 1299 1280
1159 3 2 3 18 1280 1299 1300 1281
1160 3 2 3 18 1281 1300 10 11
1161 3 2 3 18 64 65 1301 1282
1162 3 2 3 18 1282 1301 1302 1283
1163 3 2 3 18 1283 1302 1303 1284
1164 3 2 3 18 1284 1303 1304 1285
1165 3 2 3 18 1285 1304 1305 1286
1166 3 2 3 18 1286 1305 1306 1287
1167 3 2 3 18 1287 1306 1307 1288
1168 3 2 3 18 1288 1307 1308 1289
1169 3 2 3 18 1289 1308 1309 1290
1170 3 2 3 18 1290 1309 1310 1291
1171 3 2 3 18 1291 1310 1311 1292
1172 3 2 3 18 1292 1311 1312 1293
1173 3 2 3 18 1293 1312 1313 1294
1174 3 2 3 18 1294 1313 1314 1295
1175 3 2 3 18 1295 1314 1315 1296
1176 3 2 3 18 1296 1315 1316 1297
1177 3 2 3 18 1297 1316 1317 1298
1178 3 2 3 18 1298 1317 1318 1299
1179 3 2 3 18 1299 1318 1319 1300
1180 3 2 3 18 1300 1319 9 10
1181 3 2 3 18 65 4 66 1301
1182 3 2 3 18 1301 66 67 1302
1183 3 2 3 18 1302 67 68 1303
1184 3 2 3 18 1303 68 69 1304
1185 3 2 3 18 1304 69 70 1305
1186 3 2 3 18 1305 70 71 1306
1187 3 2 3 18 1306 71 72 1307
1188 3 2 3 18 1307 72 73 1308
1189 3 2 3 18 1308 73 74 1309
1190 3 2 3 18 1309 74 75 1310
1191 3 2 3 18 1310 75 76 1311
1192 3 2 3 18 1311 76 77 1312
1193 3 2 3 18 1312 77 78 1313
1194 3 2 3 18 1313 78 79 1314
1195 3 2 3 18 1314 79 80 1315
1196 3 2 3 18 1315 80 81 1316
1197 3 2 3 18 1316 81 82 1317
1198 3 2 3 18 1317 82 83 1318
1199 3 2 3 18 1318 83 84 1319
1200 3 2 3 18 1319 84 3 9
1201 3 2 1 20 6 218 1320 142
1202 3 2 1 20 142 1320 1321 143
1203 3 2 1 20 143 1321 1322 144
1204 3 2 1 20 144 1322 1323 145
1205 3 2 1 20 145 1323 1324 146
1206 3 2 1 20 146 1324 1325 147
1207 3 2 1 20 147 1325 1326 148
1208 3 2 1 20 148 1326 1327 149
1209 3 2 1 20 149 1327 1328 150
1210 3 2 1 20 150 1328 1329 151
1211 3 2 1 20 151 1329 1330 152
1212 3 2 1 20 152 1330 1331 153
1213 3 2 1 20 153 1331 1332 154
1214 3 2 1 20 154 1332 1333 155
1215 3 2 1 20 155 1333 1334 156
1216 3 2 1 20 156 1334 1335 157
1217 3 2 1 20 157 1335 1336 158
1218 3 2 1 20 158 1336 1337 159
1219 3 2 1 20 159 1337 1338 160
1220 3 2 1 20 160 1338 199 8
1221 3 2 1 20 218 219 1339 1320
1222 3 2 1 20 1320 1339 1340 1321
1223 3 2 1 20 1321 1340 1341 1322
1224 3 2 1 20 1322 1341 1342 1323
1225 3 2 1 20 1323 1342 1343 1324
1226 3 2 1 20 1324 1343 1344 1325
1227 3 2 1 20 1325 1344 1345 1326
1228 3 2 1 20 1326 1345 1346 1327
1229 3 2 1 20 1327 1346 1347 1328
1230 3 2 1 20 1328 1347 1348 1329
1231 3 2 1 20 1329 1348 1349 1330
1232 3 2 1 20 1330 1349 1350 1331
1233 3 2 1 20 1331 1350 1351 1332
1234 3 2 1 20 1332 1351 1352 1333
1235 3 2 1 20 1333 1352 1353 1334
1236 3 2 1 20 1334 1353 1354 1335
1237 3 2 1 20 1335 1354 1355 1336
1238 3 2 1 20 1336 1355 1356 1337
1239 3 2 1 20 1337 1356 1357 1338
1240 3 2 1 20 1338 1357 200 199
1241 3 2 1 20 219 220 1358 1339
1242 3 2 1 20 1339 1358 1359 1340
1243 3 2 1 20 1340 1359 1360 1341
1244 3 2 1 20 1341 1360 1361 1342
1245 3 2 1 20 1342 1361 1362 1343
1246 3 2 1 20 1343 1362 1363 1344
1247 3 2 1 20 1344 1363 1364 1345
1248 3 2 1 20 1345 1364 1365 1346
1249 3 2 1 20 1346 1365 1366 1347
1250 3 2 1 20 1347 1366 1367 1348
1251 3 2 1 20 1348 1367 1368 1349
1252 3 2 1 20 1349 1368 1369 1350
1253 3 2 1 20 1350 1369 1370 1351
1254 3 2 1 20 1351 1370 1371 1352
1255 3 2 1 20 1352 1371 1372 1353
1256 3 2 1 20 1353 1372 1373 1354
1257 3 2 1 20 1354 1373 1374 1355
1258 3 2 1 20 1355 1374 1375 1356
1259 3 2 1 20 1356 1375 1376 1357
1260 3 2 1 20 1357 1376 201 200
1261 3 2 1 20 220 221 1377 1358
1262 3 2 1 20 1358 1377 1378 1359
1263 3 2 1 20 1359 1378 1379 1360
1264 3 2 1 20 1360 1379 1380 1361
1265 3 2 1 20 1361 1380 1381 1362
1266 3 2 1 20 1362 1381 1382 1363
1267 3 2 1 20 1363 1382 1383 1364
1268 3 2 1 20 1364 1383 1384 1365
1269 3 2 1 20 1365 1384 1385 1366
1270 3 2 1 20 1366 1385 1386 1367
1271 3 2 1 20 1367 1386 1387 1368
1272 3 2 1 20 1368 1387 1388 1369
1273 3 2 1 20 1369 1388 1389 1370
1274 3 2 1 20 1370 1389 1390 1371
1275 3 2 1 20 1371 1390 1391 1372
1276 3 2 1 20 1372 1391 1392 1373
1277 3 2 1 20 1373 1392 1393 1374
1278 3 2 1 20 1374 1393 1394 1375
1279 3 2 1 20 1375 1394 1395 1376
1280 3 2 1 20 1376 1395 202 201
1281 3 2 1 20 221 222 1396 1377
1282 3 2 1 20 1377 1396 1397 1378
1283 3 2 1 20 1378 1397 1398 1379
1284 3 2 1 20 1379 1398 1399 1380
1285 3 2 1 20 1380 1399 1400 1381
1286 3 2 1 20 1381 1400 1401 1382
1287 3 2 1 20 1382 1401 1402 1383
1288 3 2 1 20 1383 1402 1403 1384
1289 3 2 1 20 1384 1403 1404 1385
1290 3 2 1 20 1385 1404 1405 1386
1291 3 2 1 20 1386 1405 1406 1387
1292 3 2 1 20 1387 1406 1407 1388
1293 3 2 1 20 1388 1407 1408 1389
1294 3 2 1 20 1389 1408 1409 1390
1295 3 2 1 20 1390 1409 1410 1391
1296 3 2 1 20 1391 1410 1411 1392
1297 3 2 1 20 1392 1411 1412 1393
1298 3 2 1 20 1393 1412 1413 1394
1299 3 2 1 20 1394 1413 1414 1395
1300 3 2 1 20 1395 1414 203 202
1301 3 2 1 20 222 223 1415 1396
1302 3 2 1 20 1396 1415 1416 1397
1303 3 2 1 20 1397 1416 1417 1398
1304 3 2 1 20 1398 1417 1418 1399
1305 3 2 1 20 1399 1418 1419 1400
1306 3 2 1 20 1400 1419 1420 1401
1307 3 2 1 20 1401 1420 1421 1402
1308 3 2 1 20 1402 1421 1422 1403
1309 3 2 1 20 1403 1422 1423 1404
1310 3 2 1 20 1404 1423 1424 1405
1311 3 2 1 20 1405 1424 1425 1406
1312 3 2 1 20 1406 1425 1426 1407
1313 3 2 1 20 1407 1426 1427 1408
1314 3 2 1 20 1408 1427 1428 1409
1315 3 2 1 20 1409 1428 1429 1410
1316 3 2 1 20 1410 1429 1430 1411
1317 3 2 1 20 1411 1430 1431 1412
1318 3 2 1 20 1412 1431 1432 1413
1319 3 2 1 20 1413 1432 1433 1414
1320 3 2 1 20 1414 1433 204 203
1321 3 2 1 20 223 224 1434 1415
1322 3 2 1 20 1415 1434 1435 1416
1323 3 2 1 20 1416 1435 1436 1417
1324 3 2 1 20 1417 1436 1437 1418
1325 3 2 1 20 1418 1437 1438 1419
1326 3 2 1 20 1419 1438 1439 1420
1327 3 2 1 20 1420 1439 1440 1421
1328 3 2 1 20 1421 1440 1441 1422
1329 3 2 1 20 1422 1441 1442 1423
1330 3 2 1 20 1423 1442 1443 1424
1331 3 2 1 20 1424 1443 1444 1425
1332 3 2 1 20 1425 1444 1445 1426
1333 3 2 1 20 1426 1445 1446 1427
1334 3 2 1 20 1427 1446 1447 1428
1335 3 2 1 20 1428 1447 1448 1429
1336 3 2 1 20 1429 1448 1449 1430
1337 3 2 1 20 1430 1449 1450 1431
1338 3 2 1 20 1431 1450 1451 1432
1339 3 2 1 20 1432 1451 1452 1433
1340 3 2 1 20 1433 1452 205 204
1341 3 2 1 20 224 225 1453 1434
1342 3 2 1 20 1434 1453 1454 1435
1343 3 2 1 20 1435 1454 1455 1436
1344 3 2 1 20 1436 1455 1456 1437
1345 3 2 1 20 1437 1456 1457 1438
1346 3 2 1 20 1438 1457 1458 1439
1347 3 2 1 20 1439 1458 1459 1440
1348 3 2 1 20 1440 1459 1460 1441
1349 3 2 1 20 1441 1460 1461 1442
1350 3 2 1 20 1442 1461 1462 1443
1351 3 2 1 20 1443 1462 1463 1444
1352 3 2 1 20 1444 1463 1464 1445
1353 3 2 1 20 1445 1464 1465 1446
1354 3 2 1 20 1446 1465 1466 1447
1355 3 2 1 20 1447 1466 1467 1448
1356 3 2 1 20 1448 1467 1468 1449
1357 3 2 1 20 1449 1468 1469 1450
1358 3 2 1 20 1450 1469 1470 1451
1359 3 2 1 20 1451 1470 1471 1452
1360 3 2 1 20 1452 1471 206 205
1361 3 2 1 20 225 226 1472 1453
1362 3 2 1 20 1453 1472 1473 1454
1363 3 2 1 20 1454 1473 1474 1455
1364 3 2 1 20 1455 1474 1475 1456
1365 3 2 1 20 1456 1475 1476 1457
1366 3 2 1 20 1457 1476 1477 1458
1367 3 2 1 20 1458 1477 1478 1459
1368 3 2 1 20 1459 1478 1479 1460
1369 3 2 1 20 1460 1479 1480 1461
1370 3 2 1 20 1461 1480 1481 1462
1371 3 2 1 20 1462 1481 1482 1463
1372 3 2 1 20 1463 1482 1483 1464
1373 3 2 1 20 1464 1483 1484 1465
1374 3 2 1 20 1465 1484 1485 1466
1375 3 2 1 20 1466 1485 1486 1467
1376 3 2 1 20 1467 1486 1487 1468
1377 3 2 1 20 1468 1487 1488 1469
1378 3 2 1 20 1469 1488 1489 1470
1379 3 2 1 20 1470 1489 1490 1471
1380 3 2 1 20 1471 1490 207 206
1381 3 2 1 20 226 227 1491 1472
1382 3 2 1 20 1472 1491 1492 1473
1383 3 2 1 20 1473 1492 1493 1474
1384 3 2 1 20 1474 1493 1494 1475
1385 3 2 1 20 1475 1494 1495 1476
1386 3 2 1 20 1476 1495 1496 1477
1387 3 2 1 20 1477 1496 1497 1478
1388 3 2 1 20 1478 1497 1498 1479
1389 3 2 1 20 1479 1498 1499 1480
1390 3 2 1 20 1480 1499 1500 1481
1391 3 2 1 20 1481 1500 1501 1482
1392 3 2 1 20 1482 1501 1502 1483
1393 3 2 1 20 1483 1502 1503 1484
1394 3 2 1 20 1484 1503 1504 1485
1395 3 2 1 20 1485 1504 1505 1486
1396 3 2 1 20 1486 1505 1506 1487
1397 3 2 1 20 1487 1506 1507 1488
1398 3 2 1 20 1488 1507 1508 1489
1399 3 2 1 20 1489 1508 1509 1490
1400 3 2 1 20 1490 1509 208 207
1401 3 2 1 20 227 228 1510 1491
1402 3 2 1 20 1491 1510 1511 1492
1403 3 2 1 20 1492 1511 1512 1493
1404 3 2 1 20 1493 1512 1513 1494
1405 3 2 1 20 1494 1513 1514 1495
1406 3 2 1 20 1495 1514 1515 1496
1407 3 2 1 20 1496 1515 1516 1497
1408 3 2 1 20 1497 1516 1517 1498
1409 3 2 1 20 1498 1517 1518 1499
1410 3 2 1 20 1499 1518 1519 1500
1411 3 2 1 20 1500 1519 1520 1501
1412 3 2 1 20 1501 1520 1521 1502
1413 3 2 1 20 1502 1521 1522 1503
1414 3 2 1 20 1503 1522 1523 1504
1415 3 2 1 20 1504 1523 1524 1505
1416 3 2 1 20 1505 1524 1525 1506
1417 3 2 1 20 1506 1525 1526 1507
1418 3 2 1 20 1507 1526 1527 1508
1419 3 2 1 20 1508 1527 1528 1509
1420 3 2 1 20 1509 1528 209 208
1421 3 2 1 20 228 229 1529 1510
1422 3 2 1 20 1510 1529 1530 1511
1423 3 2 1 20 1511 1530 1531 1512
1424 3 2 1 20 1512 1531 1532 1513
1425 3 2 1 20 1513 1532 1533 1514
1426 3 2 1 20 1514 1533 1534 1515
1427 3 2 1 20 1515 1534 1535 1516
1428 3 2 1 20 1516 1535 1536 1517
1429 3 2 1 20 1517 1536 1537 1518
1430 3 2 1 20 1518 1537 1538 1519
1431 3 2 1 20 1519 1538 1539 1520
1432 3 2 1 20 1520 1539 1540 1521
1433 3 2 1 20 1521 1540 1541 1522
1434 3 2 1 20 1522 1541 1542 1523
1435 3 2 1 20 1523 1542 1543 1524
1436 3 2 1 20 1524 1543 1544 1525
1437 3 2 1 20 1525 1544 1545 1526
1438 3 2 1 20 1526 1545 1546 1527
1439 3 2 1 20 1527 1546 1547 1528
1440 3 2 1 20 1528 1547 210 209
1441 3 2 1 20 229 230 1548 1529
1442 3 2 1 20 1529 1548 1549 1530
1443 3 2 1 20 1530 1549 1550 1531
1444 3 2 1 20 1531 1550 1551 1532
1445 3 2 1 20 1532 1551 1552 1533
1446 3 2 1 20 1533 1552 1553 1534
1447 3 2 1 20 1534 1553 1554 1535
1448 3 2 1 20 1535 1554 1555 1536
1449 3 2 1 20 1536 1555 1556 1537
1450 3 2 1 20 1537 1556 1557 1538
1451 3 2 1 20 1538 1557 1558 1539
1452 3 2 1 20 1539 1558 1559 1540
1453 3 2 1 20 1540 1559 1560 1541
1454 3 2 1 20 1541 1560 1561 1542
1455 3 2 1 20 1542 1561 1562 1543
1456 3 2 1 20 1543 1562 1563 1544
1457 3 2 1 20 1544 1563 1564 1545
1458 3 2 1 20 1545 1564 1565 1546
1459 3 2 1 20 1546 1565 1566 1547
1460 3 2 1 20 1547 1566 211 210
1461 3 2 1 20 230 231 1567 1548
1462 3 2 1 20 1548 1567 1568 1549
1463 3 2 1 20 1549 1568 1569 1550
1464 3 2 1 20 1550 1569 1570 1551
1465 3 2 1 20 1551 1570 1571 1552
1466 3 2 1 20 1552 1571 1572 1553
1467 3 2 1 20 1553 1572 1573 1554
1468 3 2 1 20 1554 1573 1574 1555
1469 3 2 1 20 1555 1574 1575 1556
1470 3 2 1 20 1556 1575 1576 1557
1471 3 2 1 20 1557 1576 1577 1558
1472 3 2 1 20 1558 1577 1578 1559
1473 3 2 1 20 1559 1578 1579 1560
1474 3 2 1 20 1560 1579 1580 1561
1475 3 2 1 20 1561 1580 1581 1562
1476 3 2 1 20 1562 1581 1582 1563
1477 3 2 1 20 1563 1582 1583 1564
1478 3 2 1 20 1564 1583 1584 1565
1479 3 2 1 20 1565 1584 1585 1566
1480 3 2 1 20 1566 1585 212 211
1481 3 2 1 20 231 232 1586 1567
1482 3 2 1 20 1567 1586 1587 1568
1483 3 2 1 20 1568 1587 1588 1569
1484 3 2 1 20 1569 1588 1589 1570
1485 3 2 1 20 1570 1589 1590 1571
1486 3 2 1 20 1571 1590 1591 1572
1487 3 2 1 20 1572 1591 1592 1573
1488 3 2 1 20 1573 1592 1593 1574
1489 3 2 1 20 1574 1593 1594 1575
1490 3 2 1 20 1575 1594 1595 1576
1491 3 2 1 20 1576 1595 1596 1577
1492 3 2 1 20 1577 1596 1597 1578
1493 3 2 1 20 1578 1597 1598 1579
1494 3 2 1 20 1579 1598 1599 1580
1495 3 2 1 20 1580 1599 1600 1581
1496 3 2 1 20 1581 1600 1601 1582
1497 3 2 1 20 1582 1601 1602 1583
1498 3 2 1 20 1583 1602 1603 1584
1499 3 2 1 20 1584 1603 1604 1585
1500 3 2 1 20 1585 1604 213 212
1501 3 2 1 20 232 233 1605 1586
1502 3 2 1 20 1586 1605 1606 1587
1503 3 2 1 20 1587 1606 1607 1588
1504 3 2 1 20 1588 1607 1608 1589
1505 3 2 1 20 1589 1608 1609 1590
1506 3 2 1 20 1590 1609 1610 1591
1507 3 2 1 20 1591 1610 1611 1592
1508 3 2 1 20 1592 1611 1612 1593
1509 3 2 1 20 1593 1612 1613 1594
1510 3 2 1 20 1594 1613 1614 1595
1511 3 2 1 20 1595 1614 1615 1596
1512 3 2 1 20 1596 1615 1616 1597
1513 3 2 1 20 1597 1616 1617 1598
1514 3 2 1 20 1598 1617 1618 1599
1515 3 2 1 20 1599 1618 1619 1600
1516 3 2 1 20 1600 1619 1620 1601
1517 3 2 1 20 1601 1620 1621 1602
1518 3 2 1 20 1602 1621 1622 1603
1519 3 2 1 20 1603 1622 1623 1604
1520 3 2 1 20 1604 1623 214 213
1521 3 2 1 20 233 234 1624 1605
1522 3 2 1 20 1605 1624 1625 1606
1523 3 2 1 20 1606 1625 1626 1607
1524 3 2 1 20 1607 1626 1627 1608
1525 3 2 1 20 1608 1627 1628 1609
1526 3 2 1 20 1609 1628 1629 1610
1527 3 2 1 20 1610 1629 1630 1611
1528 3 2 1 20 1611 1630 1631 1612
1529 3 2 1 20 1612 1631 1632 1613
1530 3 2 1 20 1613 1632 1633 1614
1531 3 2 1 20 1614 1633 1634 1615
1532 3 2 1 20 1615 1634 1635 1616
1533 3 2 1 20 1616 1635 1636 1617
1534 3 2 1 20 1617 1636 1637 1618
1535 3 2 1 20 1618 1637 1638 1619
1536 3 2 1 20 1619 1638 1639 1620
1537 3 2 1 20 1620 1639 1640 1621
1538 3 2 1 20 1621 1640 1641 1622
1539 3 2 1 20 1622 1641 1642 1623
1540 3 2 1 20 1623 1642 215 214
1541 3 2 1 20 234 235 1643 1624
1542 3 2 1 20 1624 1643 1644 1625
1543 3 2 1 20 1625 1644 1645 1626
1544 3 2 1 20 1626 1645 1646 1627
1545 3 2 1 20 1627 1646 1647 1628
1546 3 2 1 20 1628 1647 1648 1629
1547 3 2 1 20 1629 1648 1649 1630
1548 3 2 1 20 1630 1649 1650 1631
1549 3 2 1 20 1631 1650 1651 1632
1550 3 2 1 20 1632 1651 1652 1633
1551 3 2 1 20 1633 1652 1653 1634
1552 3 2 1 20 1634 1653 1654 1635
1553 3 2 1 20 1635 1654 1655 1636
1554 3 2 1 20 1636 1655 1656 1637
1555 3 2 1 20 1637 1656 1657 1638
1556 3 2 1 20 1638 1657 1658 1639
1557 3 2 1 20 1639 1658 1659 1640
1558 3 2 1 20 1640 1659 1660 1641
1559 3 2 1 20 1641 1660 1661 1642
1560 3 2 1 20 1642 1661 216 215
1561 3 2 1 20 235 236 1662 1643
1562 3 2 1 20 1643 1662 1663 1644
1563 3 2 1 20 1644 1663 1664 1645
1564 3 2 1 20 1645 1664 1665 1646
1565 3 2 1 20 1646 1665 1666 1647
1566 3 2 1 20 1647 1666 1667 1648
1567 3 2 1 20 1648 1667 1668 1649
1568 3 2 1 20 1649 1668 1669 1650
1569 3 2 1 20 1650 1669 1670 1651
1570 3 2 1 20 1651 1670 1671 1652
1571 3 2 1 20 1652 1671 1672 1653
1572 3 2 1 20 1653 1672 1673 1654
1573 3 2 1 20 1654 1673 1674 1655
1574 3 2 1 20 1655 1674 1675 1656
1575 3 2 1 20 1656 1675 1676 1657
1576 3 2 1 20 1657 1676 1677 1658
1577 3 2 1 20 1658 1677 1678 1659
1578 3 2 1 20 1659 1678 1679 1660
1579 3 2 1 20 1660 1679 1680 1661
1580 3 2 1 20 1661 1680 217 216
1581 3 2 1 20 236 5 46 1662
1582 3 2 1 20 1662 46 45 1663
1583 3 2 1 20 1663 45 44 1664
1584 3 2 1 20 1664 44 43 1665
1585 3 2 1 20 1665 43 42 1666
1586 3 2 1 20 1666 42 41 1667
1587 3 2 1 20 1667 41 40 1668
1588 3 2 1 20 1668 40 39 1669
1589 3 2 1 20 1669 39 38 1670
1590 3 2 1 20 1670 38 37 1671
1591 3 2 1 20 1671 37 36 1672
1592 3 2 1 20 1672 36 35 1673
1593 3 2 1 20 1673 35 34 1674
1594 3 2 1 20 1674 34 33 1675
1595 3 2 1 20 1675 33 32 1676
1596 3 2 1 20 1676 32 31 1677
1597 3 2 1 20 1677 31 30 1678
1598 3 2 1 20 1678 30 29 1679
1599 3 2 1 20 1679 29 28 1680
1600 3 2 1 20 1680 28 7 217
1601 3 2 3 22 2 123 1681 104
1602 3 2 3 22 104 1681 1682 105
1603 3 2 3 22 105 1682 1683 106
1604 3 2 3 22 106 1683 1684 107
1605 3 2 3 22 107 1684 1685 108
1606 3 2 3 22 108 1685 1686 109
1607 3 2 3 22 109 1686 1687 110
1608 3 2 3 22 110 1687 1688 111
1609 3 2 3 22 111 1688 1689 112
1610 3 2 3 22 112 1689 1690 113
1611 3 2 3 22 113 1690 1691 114
1612 3 2 3 22 114 1691 1692 115
1613 3 2 3 22 115 1692 1693 116
1614 3 2 3 22 116 1693 1694 117
1615 3 2 3 22 117 1694 1695 118
1616 3 2 3 22 118 1695 1696 119
1617 3 2 3 22 119 1696 1697 120
1618 3 2 3 22 120 1697 1698 121
1619 3 2 3 22 121 1698 1699 122
1620 3 2 3 22 122 1699 65 4
1621 3 2 3 22 123 124 1700 1681
1622 3 2 3 22 1681 1700 1701 1682
1623 3 2 3 22 1682 1701 1702 1683
1624 3 2 3 22 1683 1702 1703 1684
1625 3 2 3 22 1684 1703 1704 1685
1626 3 2 3 22 1685 1704 1705 1686
1627 3 2 3 22 1686 1705 1706 1687
1628 3 2 3 22 1687 1706 1707 1688
1629 3 2 3 22 1688 1707 1708 1689
1630 3 2 3 22 1689 1708 1709 1690
1631 3 2 3 22 1690 1709 1710 1691
1632 3 2 3 22 1691 1710 1711 1692
1633 3 2 3 22 1692 1711 1712 1693
1634 3 2 3 22 1693 1712 1713 1694
1635 3 2 3 22 1694 1713 1714 1695
1636 3 2 3 22 1695 1714 1715 1696
1637 3 2 3 22 1696 1715 1716 1697
1638 3 2 3 22 1697 1716 1717 1698
1639 3 2 3 22 1698 1717 1718 1699
1640 3 2 3 22 1699 1718 64 65
1641 3 2 3 22 124 125 1719 1700
1642 3 2 3 22 1700 1719 1720 1701
1643 3 2 3 22 1701 1720 1721 1702
1644 3 2 3 22 1702 1721 1722 1703
1645 3 2 3 22 1703 1722 1723 1704
1646 3 2 3 22 1704 1723 1724 1705
1647 3 2 3 22 1705 1724 1725 1706
1648 3 2 3 22 1706 1725 1726 1707
1649 3 2 3 22 1707 1726 1727 1708
1650 3 2 3 22 1708 1727 1728 1709
1651 3 2 3 22 1709 1728 1729 1710
1652 3 2 3 22 1710 1729 1730 1711
1653 3 2 3 22 1711 1730 1731 1712
1654 3 2 3 22 1712 1731 1732 1713
1655 3 2 3 22 1713 1732 1733 1714
1656 3 2 3 22 1714 1733 1734 1715
1657 3 2 3 22 1715 1734 1735 1716
1658 3 2 3 22 1716 1735 1736 1717
1659 3 2 3 22 1717 1736 1737 1718
1660 3 2 3 22 1718 1737 63 64
1661 3 2 3 22 125 126 1738 1719
1662 3 2 3 22 1719 1738 1739 1720
1663 3 2 3 22 1720 1739 1740 1721
1664 3 2 3 22 1721 1740 1741 1722
1665 3 2 3 22 1722 1741 1742 1723
1666 3 2 3 22 1723 1742 1743 1724
1667 3 2 3 22 1724 1743 1744 1725
1668 3 2 3 22 1725 1744 1745 1726
1669 3 2 3 22 1726 1745 1746 1727
1670 3 2 3 22 1727 1746 1747 1728
1671 3 2 3 22 1728 1747 1748 1729
1672 3 2 3 22 1729 1748 1749 1730
1673 3 2 3 22 1730 1749 1750 1731
1674 3 2 3 22 1731 1750 1751 1732
1675 3 2 3 22 1732 1751 1752 1733
1676 3 2 3 22 1733 1752 1753 1734
1677 3 2 3 22 1734 1753 1754 1735
1678 3 2 3 22 1735 1754 1755 1736
1679 3 2 3 22 1736 1755 1756 1737
1680 3 2 3 22 1737 1756 62 63
1681 3 2 3 22 126 127 1757 1738
1682 3 2 3 22 1738 1757 1758 1739
1683 3 2 3 22 1739 1758 1759 1740
1684 3 2 3 22 1740 1759 1760 1741
1685 3 2 3 22 1741 1760 1761 1742
1686 3 2 3 22 1742 1761 1762 1743
1687 3 2 3 22 1743 1762 1763 1744
1688 3 2 3 22 1744 1763 1764 1745
1689 3 2 3 22 1745 1764 1765 1746
1690 3 2 3 22 1746 1765 1766 1747
1691 3 2 3 22 1747 1766 1767 1748
1692 3 2 3 22 1748 1767 1768 1749
1693 3 2 3 22 1749 1768 1769 1750
1694 3 2 3 22 1750 1769 1770 1751
1695 3 2 3 22 1751 1770 1771 1752
1696 3 2 3 22 1752 1771 1772 1753
1697 3 2 3 22 1753 1772 1773 1754
1698 3 2 3 22 1754 1773 1774 1755
1699 3 2 3 22 1755 1774 1775 1756
1700 3 2 3 22 1756 1775 61 62
1701 3 2 3 22 127 128 1776 1757
1702 3 2 3 22 1757 1776 1777 1758
1703 3 2 3 22 1758 1777 1778 1759
1704 3 2 3 22 1759 1778 1779 1760
1705 3 2 3 22 1760 1779 1780 1761
1706 3 2 3 22 1761 1780 1781 1762
1707 3 2 3 22 1762 1781 1782 1763
1708 3 2 3 22 1763 1782 1783 1764
1709 3 2 3 22 1764 1783 1784 1765
1710 3 2 3 22 1765 1784 1785 1766
1711 3 2 3 22 1766 1785 1786 1767
1712 3 2 3 22 1767 1786 1787 1768
1713 3 2 3 22 1768 1787 1788 1769
1714 3 2 3 22 1769 1788 1789 1770
1715 3 2 3 22 1770 1789 1790 1771
1716 3 2 3 22 1771 1790 1791 1772
1717 3 2 3 22 1772 1791 1792 1773
1718 3 2 3 22 1773 1792 1793 1774
1719 3 2 3 22 1774 1793 1794 1775
1720 3 2 3 22 1775 1794 60 61
1721 3 2 3 22 128 129 1795 1776
1722 3 2 3 22 1776 1795 1796 1777
1723 3 2 3 22 1777 1796 1797 1778
1724 3 2 3 22 1778 1797 1798 1779
1725 3 2 3 22 1779 1798 1799 1780
1726 3 2 3 22 1780 1799 1800 1781
1727 3 2 3 22 1781 1800 1801 1782
1728 3 2 3 22 1782 1801 1802 1783
1729 3 2 3 22 1783 1802 1803 1784
1730 3 2 3 22 1784 1803 1804 1785
1731 3 2 3 22 1785 1804 1805 1786
1732 3 2 3 22 1786 1805 1806 1787
1733 3 2 3 22 1787 1806 1807 1788
1734 3 2 3 22 1788 1807 1808 1789
1735 3 2 3 22 1789 1808 1809 1790
1736 3 2 3 22 1790 1809 1810 1791
1737 3 2 3 22 1791 1810 1811 1792
1738 3 2 3 22 1792 1811 1812 1793
1739 3 2 3 22 1793 1812 1813 1794
1740 3 2 3 22 1794 1813 59 60
1741 3 2 3 22 129 130 1814 1795
1742 3 2 3 22 1795 1814 1815 1796
1743 3 2 3 22 1796 1815 1816 1797
1744 3 2 3 22 1797 1816 1817 1798
1745 3 2 3 22 1798 1817 1818 1799
1746 3 2 3 22 1799 1818 1819 1800
1747 3 2 3 22 1800 1819 1820 1801
1748 3 2 3 22 1801 1820 1821 1802
1749 3 2 3 22 1802 1821 1822 1803
1750 3 2 3 22 1803 1822 1823 1804
1751 3 2 3 22 1804 1823 1824 1805
1752 3 2 3 22 1805 1824 1825 1806
1753 3 2 3 22 1806 1825 1826 1807
1754 3 2 3 22 1807 1826 1827 1808
1755 3 2 3 22 1808 1827 1828 1809
1756 3 2 3 22 1809 1828 1829 1810
1757 3 2 3 22 1810 1829 1830 1811
1758 3 2 3 22 1811 1830 1831 1812
1759 3 2 3 22 1812 1831 1832 1813
1760 3 2 3 22 1813 1832 58 59
1761 3 2 3 22 130 131 1833 1814
1762 3 2 3 22 1814 1833 1834 1815
1763 3 2 3 22 1815 1834 1835 1816
1764 3 2 3 22 1816 1835 1836 1817
1765 3 2 3 22 1817 1836 1837 1818
1766 3 2 3 22 1818 1837 1838 1819
1767 3 2 3 22 1819 1838 1839 1820
1768 3 2 3 22 1820 1839 1840 1821
1769 3 2 3 22 1821 1840 1841 1822
1770 3 2 3 22 1822 1841 1842 1823
1771 3 2 3 22 1823 1842 1843 1824
1772 3 2 3 22 1824 1843 1844 1825
1773 3 2 3 22 1825 1844 1845 1826
1774 3 2 3 22 1826 1845 1846 1827
1775 3 2 3 22 1827 1846 1847 1828
1776 3 2 3 22 1828 1847 1848 1829
1777 3 2 3 22 1829 1848 1849 1830
1778 3 2 3 22 1830 1849 1850 1831
1779 3 2 3 22 1831 1850 1851 1832
1780 3 2 3 22 1832 1851 57 58
1781 3 2 3 22 131 132 1852 1833
1782 3 2 3 22 1833 1852 1853 1834
1783 3 2 3 22 1834 1853 1854 1835
1784 3 2 3 22 1835 1854 1855 1836
1785 3 2 3 22 1836 1855 1856 1837
1786 3 2 3 22 1837 1856 1857 1838
1787 3 2 3 22 1838 1857 1858 1839
1788 3 2 3 22 1839 1858 1859 1840
1789 3 2 3 22 1840 1859 1860 1841
1790 3 2 3 22 1841 1860 1861 1842
1791 3 2 3 22 1842 1861 1862 1843
1792 3 2 3 22 1843 1862 1863 1844
1793 3 2 3 22 1844 1863 1864 1845
1794 3 2 3 22 1845 1864 1865 1846
1795 3 2 3 22 1846 1865 1866 1847
1796 3 2 3 22 1847 1866 1867 1848
1797 3 2 3 22 1848 1867 1868 1849
1798 3 2 3 22 1849 1868 1869 1850
1799 3 2 3 22 1850 1869 1870 1851
1800 3 2 3 22 1851 1870 56 57
1801 3 2 3 22 132 133 1871 1852
1802 3 2 3 22 1852 1871 1872 1853
1803 3 2 3 22 1853 1872 1873 1854
1804 3 2 3 22 1854 1873 1874 1855
1805 3 2 3 22 1855 1874 1875 1856
1806 3 2 3 22 1856 1875 1876 1857
1807 3 2 3 22 1857 1876 1877 1858
1808 3 2 3 22 1858 1877 1878 1859
1809 3 2 3 22 1859 1878 1879 1860
1810 3 2 3 22 1860 1879 1880 1861
1811 3 2 3 22 1861 1880 1881 1862
1812 3 2 3 22 1862 1881 1882 1863
1813 3 2 3 22 1863 1882 1883 1864
1814 3 2 3 22 1864 1883 1884 1865
1815 3 2 3 22 1865 1884 1885 1866
1816 3 2 3 22 1866 1885 1886 1867
1817 3 2 3 22 1867 1886 1887 1868
1818 3 2 3 22 1868 1887 1888 1869
1819 3 2 3 22 1869 1888 1889 1870
1820 3 2 3 22 1870 1889 55 56
1821 3 2 3 22 133 134 1890 1871
1822 3 2 3 22 1871 1890 1891 1872
1823 3 2 3 22 1872 1891 1892 1873
1824 3 2 3 22 1873 1892 1893 1874
1825 3 2 3 22 1874 1893 1894 1875
1826 3 2 3 22 1875 1894 1895 1876
1827 3 2 3 22 1876 1895 1896 1877
1828 3 2 3 22 1877 1896 1897 1878
1829 3 2 3 22 1878 1897 1898 1879
1830 3 2 3 22 1879 1898 1899 1880
1831 3 2 3 22 1880 1899 1900 1881
1832 3 2 3 22 1881 1900 1901 1882
1833 3 2 3 22 1882 1901 1902 1883
1834 3 2 3 22 1883 1902 1903 1884
1835 3 2 3 22 1884 1903 1904 1885
1836 3 2 3 22 1885 1904 1905 1886
1837 3 2 3 22 1886 1905 1906 1887
1838 3 2 3 22 1887 1906 1907 1888
1839 3 2 3 22 1888 1907 1908 1889
1840 3 2 3 22 1889 1908 54 55
1841 3 2 3 22 134 135 1909 1890
1842 3 2 3 22 1890 1909 1910 1891
1843 3 2 3 22 1891 1910 1911 1892
1844 3 2 3 22 1892 1911 1912 1893
1845 3 2 3 22 1893 1912 1913 1894
1846 3 2 3 22 1894 1913 1914 1895
1847 3 2 3 22 1895 1914 1915 1896
1848 3 2 3 22 1896 1915 1916 1897
1849 3 2 3 22 1897 1916 1917 1898
1850 3 2 3 22 1898 1917 1918 1899
1851 3 2 3 22 1899 1918 1919 1900
1852 3 2 3 22 1900 1919 1920 1901
1853 3 2 3 22 1901 1920 1921 1902
1854 3 2 3 22 1902 1921 1922 1903
1855 3 2 3 22 1903 1922 1923 1904
1856 3 2 3 22 1904 1923 1924 1905
1857 3 2 3 22 1905 1924 1925 1906
1858 3 2 3 22 1906 1925 1926 1907
1859 3 2 3 22 1907 1926 1927 1908
1860 3 2 3 22 1908 1927 53 54
1861 3 2 3 22 135 136 1928 1909
1862 3 2 3 22 1909 1928 1929 1910
1863 3 2 3 22 1910 1929 1930 1911
1864 3 2 3 22 1911 1930 1931 1912
1865 3 2 3 22 1912 1931 1932 1913
1866 3 2 3 22 1913 1932 1933 1914
1867 3 2 3 22 1914 1933 1934 1915
1868 3 2 3 22 1915 1934 1935 1916
1869 3 2 3 22 1916 1935 1936 1917
1870 3 2 3 22 1917 1936 1937 1918
1871 3 2 3 22 1918 1937 1938 1919
1872 3 2 3 22 1919 1938 1939 1920
1873 3 2 3 22 1920 1939 1940 1921
1874 3 2 3 22 1921 1940 1941 1922
1875 3 2 3 22 1922 1941 1942 1923
1876 3 2 3 22 1923 1942 1943 1924
1877 3 2 3 22 1924 1943 1944 1925
1878 3 2 3 22 1925 1944 1945 1926
1879 3 2 3 22 1926 1945 1946 1927
1880 3 2 3 22 1927 1946 52 53
1881 3 2 3 22 136 137 1947 1928
1882 3 2 3 22 1928 1947 1948 1929
1883 3 2 3 22 1929 1948 1949 1930
1884 3 2 3 22 1930 1949 1950 1931
1885 3 2 3 22 1931 1950 1951 1932
1886 3 2 3 22 1932 1951 1952 1933
1887 3 2 3 22 1933 1952 1953 1934
1888 3 2 3 22 1934 1953 1954 1935
1889 3 2 3 22 1935 1954 1955 1936
1890 3 2 3 22 1936 1955 1956 1937
1891 3 2 3 22 1937 1956 1957 1938
1892 3 2 3 22 1938 1957 1958 1939
1893 3 2 3 22 1939 1958 1959 1940
1894 3 2 3 22 1940 1959 1960 1941
1895 3 2 3 22 1941 1960 1961 1942
1896 3 2 3 22 1942 1961 1962 1943
1897 3 2 3 22 1943 1962 1963 1944
1898 3 2 3 22 1944 1963 1964 1945
1899 3 2 3 22 1945 1964 1965 1946
1900 3 2 3 22 1946 1965 51 52
1901 3 2 3 22 137 138 1966 1947
1902 3 2 3 22 1947 1966 1967 1948
1903 3 2 3 22 1948 1967 1968 1949
1904 3 2 3 22 1949 1968 1969 1950
1905 3 2 3 22 1950 1969 1970 1951
1906 3 2 3 22 1951 1970 1971 1952
1907 3 2 3 22 1952 1971 1972 1953
1908 3 2 3 22 1953 1972 1973 1954
1909 3 2 3 22 1954 1973 1974 1955
1910 3 2 3 22 1955 1974 1975 1956
1911 3 2 3 22 1956 1975 1976 1957
1912 3 2 3 22 1957 1976 1977 1958
1913 3 2 3 22 1958 1977 1978 1959
1914 3 2 3 22 1959 1978 1979 1960
1915 3 2 3 22 1960 1979 1980 1961
1916 3 2 3 22 1961 1980 1981 1962
1917 3 2 3 22 1962 1981 1982 1963
1918 3 2 3 22 1963 1982 1983 1964
1919 3 2 3 22 1964 1983 1984 1965
1920 3 2 3 22 1965 1984 50 51
1921 3 2 3 22 138 139 1985 1966
1922 3 2 3 22 1966 1985 1986 1967
1923 3 2 3 22 1967 1986 1987 1968
1924 3 2 3 22 1968 1987 1988 1969
1925 3 2 3 22 1969 1988 1989 1970
1926 3 2 3 22 1970 1989 1990 1971
1927 3 2 3 22 1971 1990 1991 1972
1928 3 2 3 22 1972 1991 1992 1973
1929 3 2 3 22 1973 1992 1993 1974
1930 3 2 3 22 1974 1993 1994 1975
1931 3 2 3 22 1975 1994 1995 1976
1932 3 2 3 22 1976 1995 1996 1977
1933 3 2 3 22 1977 1996 1997 1978
1934 3 2 3 22 1978 1997 1998 1979
1935 3 2 3 22 1979 1998 1999 1980
1936 3 2 3 22 1980 1999 2000 1981
1937 3 2 3 22 1981 2000 2001 1982
1938 3 2 3 22 1982 2001 2002 1983
1939 3 2 3 22 1983 2002 2003 1984
1940 3 2 3 22 1984 2003 49 50
1941 3 2 3 22 139 140 2004 1985
1942 3 2 3 22 1985 2004 2005 1986
1943 3 2 3 22 1986 2005 2006 1987
1944 3 2 3 22 1987 2006 2007 1988
1945 3 2 3 22 1988 2007 2008 1989
1946 3 2 3 22 1989 2008 2009 1990
1947 3 2 3 22 1990 2009 2010 1991
1948 3 2 3 22 1991 2010 2011 1992
1949 3 2 3 22 1992 2011 2012 1993
1950 3 2 3 22 1993 2012 2013 1994
1951 3 2 3 22 1994 2013 2014 1995
1952 3 2 3 22 1995 2014 2015 1996
1953 3 2 3 22 1996 2015 2016 1997
1954 3 2 3 22 1997 2016 2017 1998
1955 3 2 3 22 1998 2017 2018 1999
1956 3 2 3 22 1999 2018 2019 2000
1957 3 2 3 22 2000 2019 2020 2001
1958 3 2 3 22 2001 2020 2021 2002
1959 3 2 3 22 2002 2021 2022 2003
1960 3 2 3 22 2003 2022 48 49
1961 3 2 3 22 140 141 2023 2004
1962 3 2 3 22 2004 2023 2024 2005
1963 3 2 3 22 2005 2024 2025 2006
1964 3 2 3 22 2006 2025 2026 2007
1965 3 2 3 22 2007 2026 2027 2008
1966 3 2 3 22 2008 2027 2028 2009
1967 3 2 3 22 2009 2028 2029 2010
1968 3 2 3 22 2010 2029 2030 2011
1969 3 2 3 22 2011 2030 2031 2012
1970 3 2 3 22 2012 2031 2032 2013
1971 3 2 3 22 2013 2032 2033 2014
1972 3 2 3 22 2014 2033 2034 2015
1973 3 2 3 22 2015 2034 2035 2016
1974 3 2 3 22 2016 2035 2036 2017
1975 3 2 3 22 2017 2036 2037 2018
1976 3 2 3 22 2018 2037 2038 2019
1977 3 2 3 22 2019 2038 2039 2020
1978 3 2 3 22 2020 2039 2040 2021
1979 3 2 3 22 2021 2040 2041 2022
1980 3 2 3 22 2022 2041 47 48
1981 3 2 3 22 141 6 218 2023
1982 3 2 3 22 2023 218 219 2024
1983 3 2 3 22 2024 219 220 2025
1984 3 2 3 22 2025 220 221 2026
1985 3 2 3 22 2026 221 222 2027
1986 3 2 3 22 2027 222 223 2028
1987 3 2 3 22 2028 223 224 2029
1988 3 2 3 22 2029 224 225 2030
1989 3 2 3 22 2030 225 226 2031
1990 3 2 3 22 2031 226 227 2032
1991 3 2 3 22 2032 227 228 2033
1992 3 2 3 22 2033 228 229 2034
1993 3 2 3 22 2034 229 230 2035
1994 3 2 3 22 2035 230 231 2036
1995 3 2 3 22 2036 231 232 2037
1996 3 2 3 22 2037 232 233 2038
1997 3 2 3 22 2038 233 234 2039
1998 3 2 3 22 2039 234 235 2040
1999 3 2 3 22 2040 235 236 2041
2000 3 2 3 22 2041 236 5 47
2001 3 2 3 24 8 161 2042 199
2002 3 2 3 24 199 2042 2043 200
2003 3 2 3 24 200 2043 2044 201
2004 3 2 3 24 201 2044 2045 202
2005 3 2 3 24 202 2045 2046 203
2006 3 2 3 24 203 2046 2047 204
2007 3 2 3 24 204 2047 2048 205
2008 3 2 3 24 205 2048 2049 206
2009 3 2 3 24 206 2049 2050 207
2010 3 2 3 24 207 2050 2051 208
2011 3 2 3 24 208 2051 2052 209
2012 3 2 3 24 209 2052 2053 210
2013 3 2 3 24 210 2053 2054 211
2014 3 2 3 24 211 2054 2055 212
2015 3 2 3 24 212 2055 2056 213
2016 3 2 3 24 213 2056 2057 214
2017 3 2 3 24 214 2057 2058 215
2018 3 2 3 24 215 2058 2059 216
2019 3 2 3 24 216 2059 2060 217
2020 3 2 3 24 217 2060 27 7
2021 3 2 3 24 161 162 2061 2042
2022 3 2 3 24 2042 2061 2062 2043
2023 3 2 3 24 2043 2062 2063 2044
2024 3 2 3 24 2044 2063 2064 2045
2025 3 2 3 24 2045 2064 2065 2046
2026 3 2 3 24 2046 2065 2066 2047
2027 3 2 3 24 2047 2066 2067 2048
2028 3 2 3 24 2048 2067 2068 2049
2029 3 2 3 24 2049 2068 2069 2050
2030 3 2 3 24 2050 2069 2070 2051
2031 3 2 3 24 2051 2070 2071 2052
2032 3 2 3 24 2052 2071 2072 2053
2033 3 2 3 24 2053 2072 2073 2054
2034 3 2 3 24 2054 2073 2074 2055
2035 3 2 3 24 2055 2074 2075 2056
2036 3 2 3 24 2056 2075 2076 2057
2037 3 2 3 24 2057 2076 2077 2058
2038 3 2 3 24 2058 2077 2078 2059
2039 3 2 3 24 2059 2078 2079 2060
2040 3 2 3 24 2060 2079 26 27
2041 3 2 3 24 162 163 2080 2061
2042 3 2 3 24 2061 2080 2081 2062
2043 3 2 3 24 2062 2081 2082 2063
2044 3 2 3 24 2063 2082 2083 2064
2045 3 2 3 24 2064 2083 2084 2065
2046 3 2 3 24 2065 2084 2085 2066
2047 3 2 3 24 2066 2085 2086 2067
2048 3 2 3 24 2067 2086 2087 2068
2049 3 2 3 24 2068 2087 2088 2069
2050 3 2 3 24 2069 2088 2089 2070
2051 3 2 3 24 2070 2089 2090 2071
2052 3 2 3 24 2071 2090 2091 2072
2053 3 2 3 24 2072 2091 2092 2073
2054 3 2 3 24 2073 2092 2093 2074
2055 3 2 3 24 2074 2093 2094 2075
2056 3 2 3 24 2075 2094 2095 2076
2057 3 2 3 24 2076 2095 2096 2077
2058 3 2 3 24 2077 2096 2097 2078
2059 3 2 3 24 2078 2097 2098 2079
2060 3 2 3 24 2079 2098 25 26
2061 3 2 3 24 163 164 2099 2080
2062 3 2 3 24 2080 2099 2100 2081
2063 3 2 3 24 2081 2100 2101 2082
2064 3 2 3 24 2082 2101 2102 2083
2065 3 2 3 24 2083 2102 2103 2084
2066 3 2 3 24 2084 2103 2104 2085
2067 3 2 3 24 2085 2104 2105 2086
2068 3 2 3 24 2086 2105 2106 2087
2069 3 2 3 24 2087 2106 2107 2088
2070 3 2 3 24 2088 2107 2108 2089
2071 3 2 3 24 2089 2108 2109 2090
2072 3 2 3 24 2090 2109 2110 2091
2073 3 2 3 24 2091 2110 2111 2092
2074 3 2 3 24 2092 2111 2112 2093
2075 3 2 3 24 2093 2112 2113 2094
2076 3 2 3 24 2094 2113 2114 2095
2077 3 2 3 24 2095 2114 2115 2096
2078 3 2 3 24 2096 2115 2116 2097
2079 3 2 3 24 2097 2116 2117 2098
2080 3 2 3 24 2098 2117 24 25
2081 3 2 3 24 164 165 2118 2099
2082 3 2 3 24 2099 2118 2119 2100
2083 3 2 3 24 2100 2119 2120 2101
2084 3 2 3 24 2101 2120 2121 2102
2085 3 2 3 24 2102 2121 2122 2103
2086 3 2 3 24 2103 2122 2123 2104
2087 3 2 3 24 2104 2123 2124 2105
2088 3 2 3 24 2105 2124 2125 2106
2089 3 2 3 24 2106 2125 2126 2107
2090 3 2 3 24 2107 2126 2127 2108
2091 3 2 3 24 2108 2127 2128 2109
2092 3 2 3 24 2109 2128 2129 2110
2093 3 2 3 24 2110 2129 2130 2111
2094 3 2 3 24 2111 2130 2131 2112
2095 3 2 3 24 2112 2131 2132 2113
2096 3 2 3 24 2113 2132 2133 2114
2097 3 2 3 24 2114 2133 2134 2115
2098 3 2 3 24 2115 2134 2135 2116
2099 3 2 3 24 2116 2135 2136 2117
2100 3 2 3 24 2117 2136 23 24
2101 3 2 3 24 165 166 2137 2118
2102 3 2 3 24 2118 2137 2138 2119
2103 3 2 3 24 2119 2138 2139 2120
2104 3 2 3 24 2120 2139 2140 2121
2105 3 2 3 24 2121 2140 2141 2122
2106 3 2 3 24 2122 2141 2142 2123
2107 3 2 3 24 2123 2142 2143 2124
2108 3 2 3 24 2124 2143 2144 2125
2109 3 2 3 24 2125 2144 2145 2126
2110 3 2 3 24 2126 2145 2146 2127
2111 3 2 3 24 2127 2146 2147 2128
2112 3 2 3 24 2128 2147 2148 2129
2113 3 2 3 24 2129 2148 2149 2130
2114 3 2 3 24 2130 2149 2150 2131
2115 3 2 3 24 2131 2150 2151 2132
2116 3 2 3 24 2132 2151 2152 2133
2117 3 2 3 24 2133 2152 2153 2134
2118 3 2 3 24 2134 2153 2154 2135
2119 3 2 3 24 2135 2154 2155 2136
2120 3 2 3 24 2136 2155 22 23
2121 3 2 3 24 166 167 2156 2137
2122 3 2 3 24 2137 2156 2157 2138
2123 3 2 3 24 2138 2157 2158 2139
2124 3 2 3 24 2139 2158 2159 2140
2125 3 2 3 24 2140 2159 2160 2141
2126 3 2 3 24 2141 2160 2161 2142
2127 3 2 3 24 2142 2161 2162 2143
2128 3 2 3 24 2143 2162 2163 2144
2129 3 2 3 24 2144 2163 2164 2145
2130 3 2 3 24 2145 2164 2165 2146
2131 3 2 3 24 2146 2165 2166 2147
2132 3 2 3 24 2147 2166 2167 2148
2133 3 2 3 24 2148 2167 2168 2149
2134 3 2 3 24 2149 2168 2169 2150
2135 3 2 3 24 2150 2169 2170 2151
2136 3 2 3 24 2151 2170 2171 2152
2137 3 2 3 24 2152 2171 2172 2153
2138 3 2 3 24 2153 2172 2173 2154
2139 3 2 3 24 2154 2173 2174 2155
2140 3 2 3 24 2155 2174 21 22
2141 3 2 3 24 167 168 2175 2156
2142 3 2 3 24 2156 2175 2176 2157
2143 3 2 3 24 2157 2176 2177 2158
2144 3 2 3 24 2158 2177 2178 2159
2145 3 2 3 24 2159 2178 2179 2160
2146 3 2 3 24 2160 2179 2180 2161
2147 3 2 3 24 2161 2180 2181 2162
2148 3 2 3 24 2162 2181 2182 2163
2149 3 2 3 24 2163 2182 2183 2164
2150 3 2 3 24 2164 2183 2184 2165
2151 3 2 3 24 2165 2184 2185 2166
2152 3 2 3 24 2166 2185 2186 2167
2153 3 2 3 24 2167 2186 2187 2168
2154 3 2 3 24 2168 2187 2188 2169
2155 3 2 3 24 2169 2188 2189 2170
2156 3 2 3 24 2170 2189 2190 2171
2157 3 2 3 24 2171 2190 2191 2172
2158 3 2 3 24 2172 2191 2192 2173
2159 3 2 3 24 2173 2192 2193 2174
2160 3 2 3 24 2174 2193 20 21
2161 3 2 3 24 168 169 2194 2175
2162 3 2 3 24 2175 2194 2195 2176
2163 3 2 3 24 2176 2195 2196 2177
2164 3 2 3 24 2177 2196 2197 2178
2165 3 2 3 24 2178 2197 2198 2179
2166 3 2 3 24 2179 2198 2199 2180
2167 3 2 3 24 2180 2199 2200 2181
2168 3 2 3 24 2181 2200 2201 2182
2169 3 2 3 24 2182 2201 2202 2183
2170 3 2 3 24 2183 2202 2203 2184
2171 3 2 3 24 2184 2203 2204 2185
2172 3 2 3 24 2185 2204 2205 2186
2173 3 2 3 24 2186 2205 2206 2187
2174 3 2 3 24 2187 2206 2207 2188
2175 3 2 3 24 2188 2207 2208 2189
2176 3 2 3 24 2189 2208 2209 2190
2177 3 2 3 24 2190 2209 2210 2191
2178 3 2 3 24 2191 2210 2211 2192
2179 3 2 3 24 2192 2211 2212 2193
2180 3 2 3 24 2193 2212 19 20
2181 3 2 3 24 169 170 2213 2194
2182 3 2 3 24 2194 2213 2214 2195
2183 3 2 3 24 2195 2214 2215 2196
2184 3 2 3 24 2196 2215 2216 2197
2185 3 2 3 24 2197 2216 2217 2198
2186 3 2 3 24 2198 2217 2218 2199
2187 3 2 3 24 2199 2218 2219 2200
2188 3 2 3 24 2200 2219 2220 2201
2189 3 2 3 24 2201 2220 2221 2202
2190 3 2 3 24 2202 2221 2222 2203
2191 3 2 3 24 2203 2222 2223 2204
2192 3 2 3 24 2204 2223 2224 2205
2193 3 2 3 24 2205 2224 2225 2206
2194 3 2 3 24 2206 2225 2226 2207
2195 3 2 3 24 2207 2226 2227 2208
2196 3 2 3 24 2208 2227 2228 2209
2197 3 2 3 24 2209 2228 2229 2210
2198 3 2 3 24 2210 2229 2230 2211
2199 3 2 3 24 2211 2230 2231 2212
2200 3 2 3 24 2212 2231 18 19
2201 3 2 3 24 170 171 2232 2213
2202 3 2 3 24 2213 2232 2233 2214
2203 3 2 3 24 2214 2233 2234 2215
2204 3 2 3 24 2215 2234 2235 2216
2205 3 2 3 24 2216 2235 2236 2217
2206 3 2 3 24 2217 2236 2237 2218
2207 3 2 3 24 2218 2237 2238 2219
2208 3 2 3 24 2219 2238 2239 2220
2209 3 2 3 24 2220 2239 2240 2221
2210 3 2 3 24 2221 2240 2241 2222
2211 3 2 3 24 2222 2241 2242 2223
2212 3 2 3 24 2223 2242 2243 2224
2213 3 2 3 24 2224 2243 2244 2225
2214 3 2 3 24 2225 2244 2245 2226
2215 3 2 3 24 2226 2245 2246 2227
2216 3 2 3 24 2227 2246 2247 2228
2217 3 2 3 24 2228 2247 2248 2229
2218 3 2 3 24 2229 2248 2249 2230
2219 3 2 3 24 2230 2249 2250 2231
2220 3 2 3 24 2231 2250 17 18
2221 3 2 3 24 171 172 2251 2232
2222 3 2 3 24 2232 2251 2252 2233
2223 3 2 3 24 2233 2252 2253 2234
2224 3 2 3 24 2234 2253 2254 2235
2225 3 2 3 24 2235 2254 2255 2236
2226 3 2 3 24 2236 2255 2256 2237
2227 3 2 3 24 2237 2256 2257 2238
2228 3 2 3 24 2238 2257 2258 2239
2229 3 2 3 24 2239 2258 2259 2240
2230 3 2 3 24 2240 2259 2260 2241
2231 3 2 3 24 2241 2260 2261 2242
2232 3 2 3 24 2242 2261 2262 2243
2233 3 2 3 24 2243 2262 2263 2244
2234 3 2 3 24 2244 2263 2264 2245
2235 3 2 3 24 2245 2264 2265 2246
2236 3 2 3 24 2246 2265 2266 2247
2237 3 2 3 24 2247 2266 2267 2248
2238 3 2 3 24 2248 2267 2268 2249
2239 3 2 3 24 2249 2268 2269 2250
2240 3 2 3 24 2250 2269 16 17
2241 3 2 3 24 172 173 2270 2251
2242 3 2 3 24 2251 2270 2271 2252
2243 3 2 3 24 2252 2271 2272 2253
2244 3 2 3 24 2253 2272 2273 2254
2245 3 2 3 24 2254 2273 2274 2255
2246 3 2 3 24 2255 2274 2275 2256
2247 3 2 3 24 2256 2275 2276 2257
2248 3 2 3 24 2257 2276 2277 2258
2249 3 2 3 24 2258 2277 2278 2259
2250 3 2 3 24 2259 2278 2279 2260
2251 3 2 3 24 2260 2279 2280 2261
2252 3 2 3 24 2261 2280 2281 2262
2253 3 2 3 24 2262 2281 2282 2263
2254 3 2 3 24 2263 2282 2283 2264
2255 3 2 3 24 2264 2283 2284 2265
2256 3 2 3 24 2265 2284 2285 2266
2257 3 2 3 24 2266 2285 2286 2267
2258 3 2 3 24 2267 2286 2287 2268
2259 3 2 3 24 2268 2287 2288 2269
2260 3 2 3 24 2269 2288 15 16
2261 3 2 3 24 173 174 2289 2270
2262 3 2 3 24 2270 2289 2290 2271
2263 3 2 3 24 2271 2290 2291 2272
2264 3 2 3 24 2272 2291 2292 2273
2265 3 2 3 24 2273 2292 2293 2274
2266 3 2 3 24 2274 2293 2294 2275
2267 3 2 3 24 2275 2294 2295 2276
2268 3 2 3 24 2276 2295 2296 2277
2269 3 2 3 24 2277 2296 2297 2278
2270 3 2 3 24 2278 2297 2298 2279
2271 3 2 3 24 2279 2298 2299 2280
2272 3 2 3 24 2280 2299 2300 2281
2273 3 2 3 24 2281 2300 2301 2282
2274 3 2 3 24 2282 2301 2302 2283
2275 3 2 3 24 2283 2302 2303 2284
2276 3 2 3 24 2284 2303 2304 2285
2277 3 2 3 24 2285 2304 2305 2286
2278 3 2 3 24 2286 2305 2306 2287
2279 3 2 3 24 2287 2306 2307 2288
2280 3 2 3 24 2288 2307 14 15
2281 3 2 3 24 174 175 2308 2289
2282 3 2 3 24 2289 2308 2309 2290
2283 3 2 3 24 2290 2309 2310 2291
2284 3 2 3 24 2291 2310 2311 2292
2285 3 2 3 24 2292 2311 2312 2293
2286 3 2 3 24 2293 2312 2313 2294
2287 3 2 3 24 2294 2313 2314 2295
2288 3 2 3 24 2295 2314 2315 2296
2289 3 2 3 24 2296 2315 2316 2297
2290 3 2 3 24 2297 2316 2317 2298
2291 3 2 3 24 2298 2317 2318 2299
2292 3 2 3 24 2299 2318 2319 2300
2293 3 2 3 24 2300 2319 2320 2301
2294 3 2 3 24 2301 2320 2321 2302
2295 3 2 3 24 2302 2321 2322 2303
2296 3 2 3 24 2303 2322 2323 2304
2297 3 2 3 24 2304 2323 2324 2305
2298 3 2 3 24 2305 2324 2325 2306
2299 3 2 3 24 2306 2325 2326 2307
2300 3 2 3 24 2307 2326 13 14
2301 3 2 3 24 175 176 2327 2308
2302 3 2 3 24 2308 2327 2328 2309
2303 3 2 3 24 2309 2328 2329 2310
2304 3 2 3 24 2310 2329 2330 2311
2305 3 2 3 24 2311 2330 2331 2312
2306 3 2 3 24 2312 2331 2332 2313
2307 3 2 3 24 2313 2332 2333 2314
2308 3 2 3 24 2314 2333 2334 2315
2309 3 2 3 24 2315 2334 2335 2316
2310 3 2 3 24 2316 2335 2336 2317
2311 3 2 3 24 2317 2336 2337 2318
2312 3 2 3 24 2318 2337 2338 2319
2313 3 2 3 24 2319 2338 2339 2320
2314 3 2 3 24 2320 2339 2340 2321
2315 3 2 3 24 2321 2340 2341 2322
2316 3 2 3 24 2322 2341 2342 2323
2317 3 2 3 24 2323 2342 2343 2324
2318 3 2 3 24 2324 2343 2344 2325
2319 3 2 3 24 2325 2344 2345 2326
2320 3 2 3 24 2326 2345 12 13
2321 3 2 3 24 176 177 2346 2327
2322 3 2 3 24 2327 2346 2347 2328
2323 3 2 3 24 2328 2347 2348 2329
2324 3 2 3 24 2329 2348 2349 2330
2325 3 2 3 24 2330 2349 2350 2331
2326 3 2 3 24 2331 2350 2351 2332
2327 3 2 3 24 2332 2351 2352 2333
2328 3 2 3 24 2333 2352 2353 2334
2329 3 2 3 24 2334 2353 2354 2335
2330 3 2 3 24 2335 2354 2355 2336
2331 3 2 3 24 2336 2355 2356 2337
2332 3 2 3 24 2337 2356 2357 2338
2333 3 2 3 24 2338 2357 2358 2339
2334 3 2 3 24 2339 2358 2359 2340
2335 3 2 3 24 2340 2359 2360 2341
2336 3 2 3 24 2341 2360 2361 2342
2337 3 2 3 24 2342 2361 2362 2343
2338 3 2 3 24 2343 2362 2363 2344
2339 3 2 3 24 2344 2363 2364 2345
2340 3 2 3 24 2345 2364 11 12
2341 3 2 3 24 177 178 2365 2346
2342 3 2 3 24 2346 2365 2366 2347
2343 3 2 3 24 2347 2366 2367 2348
2344 3 2 3 24 2348 2367 2368 2349
2345 3 2 3 24 2349 2368 2369 2350
2346 3 2 3 24 2350 2369 2370 2351
2347 3 2 3 24 2351 2370 2371 2352
2348 3 2 3 24 2352 2371 2372 2353
2349 3 2 3 24 2353 2372 2373 2354
2350 3 2 3 24 2354 2373 2374 2355
2351 3 2 3 24 2355 2374 2375 2356
2352 3 2 3 24 2356 2375 2376 2357
2353 3 2 3 24 2357 2376 2377 2358
2354 3 2 3 24 2358 2377 2378 2359
2355 3 2 3 24 2359 2378 2379 2360
2356 3 2 3 24 2360 2379 2380 2361
2357 3 2 3 24 2361 2380 2381 2362
2358 3 2 3 24 2362 2381 2382 2363
2359 3 2 3 24 2363 2382 2383 2364
2360 3 2 3 24 2364 2383 10 11
2361 3 2 3 24 178 179 2384 2365
2362 3 2 3 24 2365 2384 2385 2366
2363 3 2 3 24 2366 2385 2386 2367
2364 3 2 3 24 2367 2386 2387 2368
2365 3 2 3 24 2368 2387 2388 2369
2366 3 2 3 24 2369 2388 2389 2370
2367 3 2 3 24 2370 2389 2390 2371
2368 3 2 3 24 2371 2390 2391 2372
2369 3 2 3 24 2372 2391 2392 2373
2370 3 2 3 24 2373 2392 2393 2374
2371 3 2 3 24 2374 2393 2394 2375
2372 3 2 3 24 2375 2394 2395 2376
2373 3 2 3 24 2376 2395 2396 2377
2374 3 2 3 24 2377 2396 2397 2378
2375 3 2 3 24 2378 2397 2398 2379
2376 3 2 3 24 2379 2398 2399 2380
2377 3 2 3 24 2380 2399 2400 2381
2378 3 2 3 24 2381 2400 2401 2382
2379 3 2 3 24 2382 2401 2402 2383
2380 3 2 3 24 2383 2402 9 10
2381 3 2 3 24 179 1 103 2384
2382 3 2 3 24 2384 103 102 2385
2383 3 2 3 24 2385 102 101 2386
2384 3 2 3 24 2386 101 100 2387
2385 3 2 3 24 2387 100 99 2388
2386 3 2 3 24 2388 99 98 2389
2387 3 2 3 24 2389 98 97 2390
2388 3 2 3 24 2390 97 96 2391
2389 3 2 3 24 2391 96 95 2392
2390 3 2 3 24 2392 95 94 2393
2391 3 2 3 24 2393 94 93 2394
2392 3 2 3 24 2394 93 92 2395
2393 3 2 3 24 2395 92 91 2396
2394 3 2 3 24 2396 91 90 2397
2395 3 2 3 24 2397 90 89 2398
2396 3 2 3 24 2398 89 88 2399
2397 3 2 3 24 2399 88 87 2400
2398 3 2 3 24 2400 87 86 2401
2399 3 2 3 24 2401 86 85 2402
2400 3 2 3 24 2402 85 3 9